Start: Sun Jun 09 18:33:12 PDT 2024

Start: Sun Jun 09 18:33:12 PDT 2024

Parameter Sweeps

Number of parameters swept: 6

Table of parameters swept 
public	boolean	groups	true	true	true	false	false	false	
public	int	memorySize	1	2	3	1	2	3	

Parameter values for the class class evolutionaryGames.Environment
id  0
_cooperators  100
_defectors  100
_walkawayCooperators  100
_walkawayDefectors  100
_tftMobile  100
_tftStationary  100
_pavlovMobile  100
_pavlovStationary  100
memorySize  1
active  1.0
groups  true
averageAge  50.0
sdAge  10.0
mutationRate  0.01
resoucesToReproduce  30.0
minResourcesStart  30.0
maxResourcesStart  30.0
carryingCapacity  2000.0
searchRadiusPlayer  1
cooperate_cooperator  3.0
defect_defector  0.0
cooperate_defector  -1.0
defect_cooperator  5.0
reproductionRadius  1
lowerBoundsSurvival  0.0
useLowerBoundsSurvival  true
localReproduction  true
mutationRange  true
charts  true
nameSpace  SPARSE
gridWidth  100
gridHeight  100
paramSweeps  true
simLength  5001
simNumber  10
fileDataName  results.txt
folderDataName  data
dataSamplingInterval  50
burnIn  0
scheduleTimeInterval  1.0
closeProgramAtend  true
customSweepOnly  false

Sweep Number:	1
groups	true
memorySize	1
Step	Reps	N	Coop	Def	WCoop	WDef	TFTM	TFTS	PAVLOVM	PAVLOVS
0.000	10.000	1473.500	0.123	0.125	0.125	0.127	0.126	0.124	0.124	0.125
1.000	10.000	1434.700	0.123	0.128	0.123	0.129	0.125	0.123	0.124	0.125
50.000	10.000	1999.800	0.166	0.073	0.163	0.100	0.156	0.087	0.165	0.089
100.000	10.000	2000.000	0.200	0.036	0.200	0.069	0.175	0.060	0.188	0.072
150.000	10.000	1999.700	0.217	0.020	0.220	0.055	0.188	0.043	0.199	0.058
200.000	10.000	1999.900	0.213	0.014	0.233	0.046	0.197	0.035	0.209	0.053
250.000	10.000	1999.900	0.215	0.013	0.249	0.046	0.193	0.034	0.204	0.046
300.000	10.000	1999.800	0.210	0.019	0.262	0.058	0.189	0.034	0.193	0.035
350.000	10.000	2000.000	0.198	0.018	0.280	0.065	0.183	0.037	0.196	0.024
400.000	10.000	1999.900	0.187	0.024	0.311	0.065	0.176	0.032	0.188	0.018
450.000	10.000	1999.800	0.180	0.030	0.321	0.081	0.161	0.029	0.181	0.017
500.000	10.000	1999.400	0.173	0.027	0.318	0.101	0.165	0.021	0.180	0.015
550.000	10.000	1999.600	0.171	0.027	0.304	0.115	0.157	0.016	0.194	0.015
600.000	10.000	1999.900	0.161	0.036	0.292	0.159	0.132	0.014	0.190	0.016
650.000	10.000	2000.000	0.132	0.058	0.286	0.208	0.112	0.010	0.187	0.007
700.000	10.000	1999.900	0.142	0.060	0.297	0.151	0.147	0.009	0.189	0.005
750.000	10.000	2000.000	0.142	0.087	0.252	0.189	0.145	0.008	0.170	0.006
800.000	10.000	1997.600	0.154	0.123	0.275	0.166	0.137	0.007	0.131	0.007
850.000	10.000	1867.400	0.131	0.154	0.318	0.160	0.136	0.005	0.088	0.008
900.000	10.000	1811.800	0.104	0.112	0.310	0.187	0.205	0.004	0.069	0.009
950.000	10.000	1799.300	0.075	0.186	0.238	0.200	0.206	0.003	0.081	0.011
1000.000	10.000	1630.000	0.109	0.229	0.212	0.137	0.194	0.005	0.099	0.016
1050.000	8.000	1996.000	0.154	0.088	0.173	0.225	0.193	0.004	0.134	0.030
1100.000	8.000	1759.250	0.155	0.111	0.131	0.280	0.162	0.003	0.119	0.038
1150.000	8.000	1515.250	0.118	0.153	0.126	0.359	0.117	0.002	0.098	0.027
1200.000	7.000	1666.000	0.065	0.224	0.052	0.553	0.069	0.002	0.031	0.005
1250.000	6.000	1005.500	0.012	0.304	0.035	0.624	0.021	0.001	0.003	0.001
1300.000	4.000	716.250	0.001	0.127	0.068	0.799	0.005	0.000	0.000	0.000
1350.000	3.000	323.333	0.000	0.159	0.000	0.840	0.000	0.000	0.000	0.000
1400.000	1.000	10.000	0.000	0.000	0.000	1.000	0.000	0.000	0.000	0.000

Step	Reps	N	Coop	Def	WCoop	WDef	TFTM	TFTS	PAVLOVM	PAVLOVS
0.000	10.000	6.045	0.001	0.001	0.001	0.002	0.001	0.001	0.001	0.001
1.000	10.000	7.003	0.001	0.001	0.001	0.002	0.001	0.001	0.001	0.001
50.000	10.000	0.133	0.005	0.002	0.005	0.005	0.006	0.005	0.009	0.004
100.000	10.000	0.000	0.010	0.005	0.010	0.005	0.009	0.003	0.012	0.005
150.000	10.000	0.153	0.013	0.003	0.012	0.004	0.010	0.004	0.016	0.007
200.000	10.000	0.100	0.016	0.003	0.013	0.005	0.015	0.005	0.018	0.008
250.000	10.000	0.100	0.018	0.003	0.015	0.009	0.019	0.005	0.020	0.007
300.000	10.000	0.133	0.018	0.002	0.019	0.014	0.022	0.007	0.019	0.006
350.000	10.000	0.000	0.018	0.002	0.020	0.015	0.026	0.006	0.016	0.004
400.000	10.000	0.100	0.017	0.005	0.024	0.009	0.029	0.004	0.018	0.003
450.000	10.000	0.133	0.018	0.005	0.029	0.011	0.027	0.005	0.024	0.002
500.000	10.000	0.400	0.025	0.004	0.037	0.018	0.030	0.004	0.033	0.003
550.000	10.000	0.267	0.034	0.007	0.045	0.018	0.028	0.003	0.042	0.004
600.000	10.000	0.100	0.036	0.014	0.055	0.036	0.025	0.003	0.049	0.005
650.000	10.000	0.000	0.031	0.025	0.066	0.070	0.028	0.003	0.059	0.002
700.000	10.000	0.100	0.036	0.013	0.065	0.030	0.045	0.003	0.065	0.002
750.000	10.000	0.000	0.050	0.041	0.061	0.058	0.037	0.003	0.061	0.001
800.000	10.000	2.077	0.068	0.065	0.077	0.026	0.033	0.003	0.042	0.002
850.000	10.000	132.156	0.058	0.078	0.091	0.034	0.049	0.002	0.030	0.003
900.000	10.000	188.089	0.045	0.038	0.087	0.048	0.070	0.001	0.036	0.003
950.000	10.000	187.830	0.022	0.082	0.085	0.063	0.085	0.001	0.049	0.004
1000.000	10.000	247.369	0.053	0.112	0.085	0.046	0.073	0.001	0.064	0.008
1050.000	8.000	3.576	0.082	0.025	0.090	0.105	0.085	0.001	0.091	0.021
1100.000	8.000	163.492	0.088	0.043	0.086	0.129	0.083	0.001	0.098	0.028
1150.000	8.000	317.236	0.068	0.046	0.075	0.114	0.063	0.001	0.083	0.018
1200.000	7.000	280.615	0.054	0.086	0.030	0.107	0.040	0.001	0.028	0.002
1250.000	6.000	265.490	0.012	0.120	0.032	0.102	0.012	0.001	0.003	0.001
1300.000	4.000	445.035	0.001	0.057	0.068	0.057	0.003	0.000	0.000	0.000
1350.000	3.000	318.335	0.000	0.135	0.000	0.135	0.000	0.000	0.000	0.000
1400.000	1.000	0.000	0.000	0.000	0.000	0.000	0.000	0.000	0.000	0.000
	
Sweep Number:	2
groups	true
memorySize	2
Step	Reps	N	Coop	Def	WCoop	WDef	TFTM	TFTS	PAVLOVM	PAVLOVS
0.000	10.000	1467.000	0.126	0.125	0.126	0.126	0.125	0.126	0.124	0.122
1.000	10.000	1427.300	0.125	0.128	0.124	0.128	0.124	0.126	0.123	0.122
50.000	10.000	1999.900	0.169	0.049	0.174	0.060	0.182	0.104	0.171	0.090
100.000	10.000	1999.900	0.195	0.014	0.209	0.021	0.218	0.081	0.195	0.068
150.000	10.000	1999.800	0.201	0.007	0.220	0.011	0.241	0.060	0.207	0.053
200.000	10.000	1999.900	0.204	0.006	0.224	0.008	0.256	0.046	0.212	0.044
250.000	10.000	1999.900	0.189	0.007	0.230	0.008	0.271	0.041	0.214	0.039
300.000	10.000	1999.900	0.190	0.009	0.224	0.008	0.290	0.036	0.212	0.032
350.000	10.000	2000.000	0.184	0.008	0.232	0.008	0.297	0.034	0.211	0.027
400.000	10.000	1999.700	0.176	0.005	0.227	0.011	0.303	0.030	0.220	0.028
450.000	10.000	1999.700	0.176	0.008	0.220	0.011	0.305	0.031	0.224	0.025
500.000	10.000	1999.500	0.167	0.010	0.216	0.012	0.308	0.027	0.235	0.025
550.000	10.000	1999.600	0.153	0.011	0.208	0.016	0.324	0.024	0.241	0.023
600.000	10.000	1999.800	0.139	0.009	0.203	0.019	0.332	0.024	0.255	0.019
650.000	10.000	1999.900	0.127	0.010	0.201	0.019	0.338	0.022	0.263	0.020
700.000	10.000	2000.000	0.116	0.007	0.195	0.021	0.342	0.023	0.275	0.022
750.000	10.000	1999.900	0.106	0.007	0.191	0.018	0.357	0.023	0.274	0.023
800.000	10.000	1999.800	0.104	0.007	0.184	0.013	0.366	0.026	0.278	0.022
850.000	10.000	1999.900	0.095	0.007	0.186	0.011	0.369	0.026	0.285	0.021
900.000	10.000	1999.700	0.091	0.008	0.186	0.010	0.360	0.026	0.297	0.022
950.000	10.000	1999.600	0.093	0.009	0.186	0.014	0.352	0.030	0.294	0.022
1000.000	10.000	2000.000	0.095	0.008	0.183	0.015	0.352	0.033	0.288	0.026
1050.000	10.000	1999.600	0.092	0.009	0.177	0.021	0.360	0.032	0.283	0.026
1100.000	10.000	1999.800	0.083	0.010	0.170	0.023	0.371	0.032	0.284	0.026
1150.000	10.000	1999.700	0.079	0.011	0.163	0.026	0.380	0.031	0.282	0.030
1200.000	10.000	2000.000	0.081	0.012	0.150	0.031	0.389	0.036	0.270	0.031
1250.000	10.000	2000.000	0.094	0.013	0.137	0.028	0.383	0.037	0.275	0.034
1300.000	10.000	2000.000	0.088	0.013	0.138	0.026	0.379	0.034	0.287	0.035
1350.000	10.000	1999.800	0.081	0.012	0.132	0.029	0.385	0.031	0.296	0.034
1400.000	10.000	1999.700	0.078	0.014	0.128	0.032	0.387	0.026	0.302	0.034
1450.000	10.000	1999.600	0.071	0.013	0.129	0.032	0.392	0.027	0.300	0.038
1500.000	10.000	1999.700	0.071	0.013	0.125	0.036	0.398	0.025	0.295	0.038
1550.000	10.000	1999.800	0.070	0.011	0.117	0.036	0.412	0.024	0.290	0.040
1600.000	10.000	1999.800	0.069	0.015	0.116	0.032	0.409	0.023	0.293	0.043
1650.000	10.000	1999.800	0.069	0.020	0.114	0.037	0.391	0.023	0.301	0.044
1700.000	10.000	1999.600	0.076	0.018	0.112	0.032	0.377	0.022	0.320	0.043
1750.000	10.000	1999.500	0.085	0.012	0.103	0.023	0.380	0.024	0.331	0.042
1800.000	10.000	1999.700	0.093	0.011	0.096	0.026	0.369	0.030	0.329	0.046
1850.000	10.000	2000.000	0.102	0.011	0.082	0.034	0.369	0.033	0.323	0.045
1900.000	10.000	2000.000	0.099	0.013	0.070	0.037	0.386	0.034	0.320	0.043
1950.000	10.000	1999.900	0.087	0.016	0.066	0.039	0.392	0.037	0.320	0.043
2000.000	10.000	1999.800	0.081	0.023	0.063	0.055	0.388	0.037	0.311	0.042
2050.000	10.000	1994.800	0.064	0.030	0.062	0.072	0.393	0.038	0.298	0.042
2100.000	10.000	1884.800	0.055	0.044	0.062	0.080	0.394	0.038	0.287	0.039
2150.000	10.000	1809.200	0.048	0.085	0.069	0.055	0.392	0.034	0.281	0.037
2200.000	9.000	1999.556	0.045	0.019	0.079	0.035	0.433	0.037	0.312	0.040
2250.000	9.000	1999.889	0.040	0.022	0.078	0.041	0.437	0.034	0.308	0.042
2300.000	9.000	2000.000	0.038	0.022	0.079	0.043	0.437	0.033	0.306	0.043
2350.000	9.000	2000.000	0.039	0.020	0.079	0.040	0.437	0.030	0.314	0.042
2400.000	9.000	1999.778	0.039	0.019	0.075	0.039	0.443	0.027	0.316	0.043
2450.000	9.000	1999.889	0.042	0.018	0.077	0.040	0.440	0.027	0.314	0.042
2500.000	9.000	1999.778	0.040	0.022	0.073	0.050	0.428	0.029	0.317	0.041
2550.000	9.000	1999.667	0.039	0.024	0.073	0.055	0.418	0.031	0.322	0.039
2600.000	9.000	1999.667	0.041	0.023	0.080	0.060	0.408	0.031	0.322	0.035
2650.000	9.000	1999.556	0.041	0.024	0.093	0.061	0.388	0.030	0.332	0.031
2700.000	9.000	1999.778	0.036	0.024	0.093	0.080	0.367	0.032	0.339	0.030
2750.000	9.000	1973.333	0.036	0.031	0.093	0.102	0.354	0.028	0.324	0.032
2800.000	9.000	1846.889	0.033	0.049	0.090	0.100	0.346	0.030	0.321	0.031
2850.000	9.000	1945.222	0.034	0.019	0.108	0.073	0.387	0.034	0.314	0.031
2900.000	9.000	1999.778	0.035	0.027	0.090	0.124	0.364	0.040	0.289	0.030
2950.000	9.000	1863.556	0.037	0.050	0.066	0.172	0.325	0.044	0.275	0.031
3000.000	9.000	1786.444	0.036	0.063	0.125	0.144	0.280	0.044	0.267	0.040
3050.000	9.000	1884.000	0.034	0.056	0.153	0.097	0.283	0.042	0.266	0.070
3100.000	9.000	1787.111	0.036	0.067	0.152	0.082	0.283	0.042	0.272	0.068
3150.000	9.000	1778.444	0.036	0.093	0.146	0.064	0.288	0.044	0.264	0.064
3200.000	8.000	1999.875	0.038	0.029	0.142	0.060	0.314	0.049	0.295	0.072
3250.000	8.000	1999.500	0.037	0.047	0.088	0.108	0.313	0.047	0.291	0.068
3300.000	8.000	1865.000	0.040	0.042	0.057	0.152	0.311	0.042	0.288	0.067
3350.000	8.000	1750.500	0.043	0.085	0.057	0.125	0.294	0.043	0.291	0.063
3400.000	7.000	1999.571	0.042	0.046	0.072	0.084	0.317	0.051	0.330	0.057
3450.000	7.000	1950.143	0.042	0.087	0.079	0.093	0.287	0.047	0.327	0.038
3500.000	7.000	1765.429	0.037	0.132	0.084	0.077	0.272	0.047	0.324	0.027
3550.000	7.000	1714.714	0.041	0.155	0.085	0.057	0.264	0.047	0.318	0.032
3600.000	6.000	1999.833	0.048	0.015	0.094	0.082	0.302	0.056	0.357	0.045
3650.000	6.000	1999.667	0.049	0.021	0.076	0.098	0.302	0.058	0.345	0.051
3700.000	6.000	1999.833	0.048	0.027	0.074	0.120	0.300	0.056	0.326	0.050
3750.000	6.000	1999.500	0.040	0.035	0.073	0.144	0.308	0.053	0.299	0.048
3800.000	6.000	1999.833	0.033	0.037	0.074	0.125	0.324	0.063	0.297	0.048
3850.000	6.000	1999.833	0.025	0.046	0.066	0.129	0.334	0.074	0.279	0.047
3900.000	6.000	1997.000	0.020	0.068	0.053	0.151	0.315	0.069	0.283	0.042
3950.000	6.000	1875.000	0.014	0.126	0.042	0.143	0.289	0.069	0.285	0.032
4000.000	6.000	1684.333	0.011	0.157	0.035	0.117	0.274	0.062	0.318	0.026
4050.000	5.000	2000.000	0.013	0.026	0.042	0.092	0.328	0.074	0.399	0.025
4100.000	5.000	1999.800	0.011	0.033	0.043	0.091	0.331	0.069	0.401	0.021
4150.000	5.000	1999.000	0.012	0.053	0.046	0.094	0.326	0.063	0.386	0.020
4200.000	5.000	1952.600	0.015	0.099	0.054	0.088	0.303	0.050	0.373	0.018
4250.000	5.000	1712.000	0.015	0.177	0.061	0.054	0.275	0.043	0.363	0.013
4300.000	5.000	1605.000	0.016	0.206	0.065	0.033	0.262	0.041	0.362	0.014
4350.000	4.000	2000.000	0.017	0.013	0.084	0.033	0.318	0.055	0.463	0.019
4400.000	4.000	1999.500	0.018	0.014	0.091	0.027	0.304	0.055	0.470	0.021
4450.000	4.000	1999.750	0.024	0.017	0.092	0.030	0.309	0.048	0.461	0.020
4500.000	4.000	1999.500	0.027	0.013	0.085	0.030	0.314	0.047	0.461	0.024
4550.000	4.000	2000.000	0.028	0.014	0.086	0.034	0.309	0.052	0.451	0.026
4600.000	4.000	2000.000	0.023	0.017	0.083	0.042	0.315	0.050	0.447	0.024
4650.000	4.000	1999.000	0.022	0.018	0.094	0.053	0.314	0.054	0.425	0.020
4700.000	4.000	1999.750	0.022	0.025	0.089	0.059	0.313	0.053	0.419	0.020
4750.000	4.000	2000.000	0.023	0.036	0.079	0.083	0.312	0.047	0.397	0.023
4800.000	4.000	1999.750	0.019	0.049	0.055	0.163	0.297	0.037	0.362	0.018
4850.000	4.000	1889.500	0.017	0.053	0.068	0.200	0.277	0.027	0.340	0.018
4900.000	4.000	1713.750	0.016	0.030	0.041	0.271	0.264	0.027	0.331	0.020
4950.000	4.000	1512.250	0.017	0.021	0.033	0.284	0.262	0.028	0.334	0.020
5000.000	3.000	1999.333	0.024	0.016	0.052	0.062	0.340	0.033	0.452	0.021

Step	Reps	N	Coop	Def	WCoop	WDef	TFTM	TFTS	PAVLOVM	PAVLOVS
0.000	10.000	5.188	0.001	0.001	0.001	0.001	0.001	0.001	0.001	0.001
1.000	10.000	6.202	0.001	0.001	0.001	0.001	0.001	0.001	0.001	0.001
50.000	10.000	0.100	0.004	0.001	0.003	0.003	0.004	0.004	0.006	0.004
100.000	10.000	0.100	0.011	0.001	0.006	0.002	0.006	0.006	0.007	0.004
150.000	10.000	0.133	0.015	0.001	0.011	0.001	0.008	0.007	0.011	0.004
200.000	10.000	0.100	0.013	0.001	0.011	0.002	0.010	0.007	0.011	0.005
250.000	10.000	0.100	0.012	0.002	0.013	0.002	0.013	0.006	0.013	0.005
300.000	10.000	0.100	0.014	0.002	0.015	0.002	0.016	0.006	0.016	0.005
350.000	10.000	0.000	0.017	0.001	0.017	0.002	0.020	0.007	0.017	0.005
400.000	10.000	0.153	0.017	0.001	0.018	0.002	0.020	0.006	0.017	0.005
450.000	10.000	0.213	0.019	0.002	0.019	0.002	0.019	0.007	0.017	0.005
500.000	10.000	0.307	0.022	0.001	0.021	0.002	0.022	0.006	0.020	0.004
550.000	10.000	0.221	0.022	0.002	0.022	0.003	0.025	0.006	0.023	0.003
600.000	10.000	0.133	0.020	0.001	0.020	0.005	0.025	0.006	0.026	0.003
650.000	10.000	0.100	0.019	0.001	0.021	0.005	0.023	0.005	0.025	0.004
700.000	10.000	0.000	0.018	0.001	0.022	0.005	0.023	0.005	0.026	0.004
750.000	10.000	0.100	0.018	0.000	0.023	0.005	0.026	0.005	0.027	0.005
800.000	10.000	0.133	0.017	0.001	0.024	0.003	0.031	0.006	0.029	0.006
850.000	10.000	0.100	0.016	0.001	0.029	0.002	0.034	0.007	0.032	0.005
900.000	10.000	0.153	0.015	0.001	0.032	0.002	0.031	0.007	0.035	0.006
950.000	10.000	0.163	0.015	0.002	0.035	0.004	0.033	0.007	0.037	0.006
1000.000	10.000	0.000	0.017	0.001	0.031	0.004	0.036	0.007	0.035	0.007
1050.000	10.000	0.400	0.016	0.002	0.029	0.004	0.037	0.006	0.033	0.007
1100.000	10.000	0.133	0.015	0.003	0.027	0.005	0.037	0.006	0.034	0.008
1150.000	10.000	0.153	0.016	0.003	0.028	0.005	0.039	0.006	0.037	0.008
1200.000	10.000	0.000	0.017	0.003	0.027	0.007	0.043	0.007	0.041	0.008
1250.000	10.000	0.000	0.022	0.002	0.026	0.005	0.049	0.007	0.043	0.008
1300.000	10.000	0.000	0.024	0.003	0.027	0.004	0.050	0.007	0.046	0.010
1350.000	10.000	0.133	0.024	0.003	0.028	0.006	0.054	0.007	0.049	0.011
1400.000	10.000	0.153	0.022	0.002	0.029	0.007	0.053	0.006	0.052	0.010
1450.000	10.000	0.221	0.017	0.003	0.028	0.007	0.048	0.005	0.050	0.011
1500.000	10.000	0.213	0.016	0.003	0.024	0.008	0.048	0.004	0.049	0.010
1550.000	10.000	0.133	0.016	0.003	0.024	0.009	0.054	0.004	0.055	0.011
1600.000	10.000	0.133	0.015	0.005	0.029	0.011	0.056	0.005	0.057	0.011
1650.000	10.000	0.133	0.014	0.011	0.033	0.019	0.056	0.006	0.058	0.010
1700.000	10.000	0.267	0.017	0.008	0.034	0.014	0.054	0.006	0.059	0.012
1750.000	10.000	0.401	0.021	0.003	0.035	0.008	0.057	0.007	0.062	0.010
1800.000	10.000	0.153	0.022	0.003	0.032	0.009	0.060	0.007	0.064	0.011
1850.000	10.000	0.000	0.024	0.002	0.023	0.015	0.062	0.006	0.064	0.009
1900.000	10.000	0.000	0.023	0.002	0.015	0.016	0.068	0.005	0.066	0.009
1950.000	10.000	0.100	0.020	0.007	0.016	0.022	0.075	0.006	0.066	0.009
2000.000	10.000	0.133	0.020	0.013	0.016	0.036	0.079	0.005	0.066	0.008
2050.000	10.000	5.090	0.020	0.019	0.016	0.054	0.083	0.006	0.067	0.007
2100.000	10.000	115.089	0.019	0.030	0.015	0.059	0.086	0.007	0.069	0.008
2150.000	10.000	190.689	0.016	0.067	0.017	0.029	0.085	0.007	0.070	0.007
2200.000	9.000	0.242	0.011	0.004	0.019	0.010	0.081	0.004	0.071	0.005
2250.000	9.000	0.111	0.006	0.005	0.020	0.015	0.081	0.004	0.071	0.004
2300.000	9.000	0.000	0.005	0.006	0.022	0.017	0.082	0.005	0.071	0.004
2350.000	9.000	0.000	0.007	0.004	0.019	0.012	0.083	0.006	0.076	0.004
2400.000	9.000	0.147	0.006	0.004	0.018	0.010	0.081	0.006	0.078	0.005
2450.000	9.000	0.111	0.007	0.004	0.018	0.011	0.080	0.006	0.082	0.004
2500.000	9.000	0.147	0.007	0.007	0.015	0.014	0.080	0.007	0.084	0.004
2550.000	9.000	0.167	0.009	0.008	0.013	0.020	0.078	0.008	0.083	0.006
2600.000	9.000	0.236	0.010	0.009	0.016	0.027	0.079	0.008	0.082	0.006
2650.000	9.000	0.242	0.009	0.010	0.025	0.025	0.079	0.007	0.083	0.008
2700.000	9.000	0.147	0.010	0.013	0.027	0.046	0.078	0.008	0.088	0.008
2750.000	9.000	26.292	0.010	0.018	0.028	0.065	0.081	0.006	0.087	0.009
2800.000	9.000	152.986	0.010	0.036	0.026	0.055	0.081	0.008	0.085	0.009
2850.000	9.000	54.653	0.011	0.005	0.031	0.034	0.077	0.009	0.082	0.008
2900.000	9.000	0.147	0.011	0.010	0.028	0.069	0.075	0.010	0.082	0.007
2950.000	9.000	135.696	0.012	0.022	0.017	0.086	0.072	0.011	0.088	0.008
3000.000	9.000	212.681	0.013	0.026	0.072	0.065	0.069	0.012	0.090	0.012
3050.000	9.000	116.000	0.012	0.039	0.103	0.060	0.074	0.012	0.091	0.042
3100.000	9.000	212.764	0.013	0.052	0.099	0.047	0.073	0.011	0.093	0.045
3150.000	9.000	221.181	0.013	0.072	0.092	0.024	0.073	0.012	0.090	0.039
3200.000	8.000	0.125	0.012	0.013	0.081	0.020	0.080	0.011	0.096	0.044
3250.000	8.000	0.500	0.012	0.030	0.028	0.056	0.078	0.010	0.095	0.040
3300.000	8.000	134.857	0.013	0.025	0.019	0.093	0.080	0.009	0.095	0.042
3350.000	8.000	249.214	0.015	0.060	0.018	0.060	0.077	0.011	0.095	0.036
3400.000	7.000	0.297	0.012	0.030	0.024	0.039	0.075	0.011	0.100	0.028
3450.000	7.000	49.358	0.013	0.072	0.025	0.041	0.080	0.013	0.104	0.015
3500.000	7.000	234.571	0.011	0.118	0.026	0.023	0.085	0.015	0.108	0.012
3550.000	7.000	285.286	0.014	0.141	0.028	0.019	0.084	0.014	0.106	0.014
3600.000	6.000	0.167	0.014	0.003	0.022	0.025	0.078	0.014	0.105	0.018
3650.000	6.000	0.211	0.014	0.005	0.017	0.033	0.069	0.013	0.102	0.022
3700.000	6.000	0.167	0.015	0.009	0.020	0.049	0.064	0.015	0.100	0.021
3750.000	6.000	0.342	0.014	0.014	0.020	0.063	0.062	0.020	0.100	0.024
3800.000	6.000	0.167	0.012	0.014	0.020	0.043	0.069	0.027	0.104	0.029
3850.000	6.000	0.167	0.008	0.022	0.022	0.041	0.070	0.034	0.107	0.028
3900.000	6.000	3.000	0.006	0.048	0.019	0.050	0.076	0.037	0.114	0.021
3950.000	6.000	124.600	0.005	0.105	0.017	0.043	0.095	0.034	0.126	0.012
4000.000	6.000	315.467	0.003	0.139	0.017	0.038	0.110	0.030	0.146	0.010
4050.000	5.000	0.000	0.003	0.009	0.019	0.047	0.131	0.029	0.172	0.012
4100.000	5.000	0.200	0.002	0.018	0.024	0.062	0.143	0.026	0.175	0.009
4150.000	5.000	0.775	0.003	0.034	0.028	0.076	0.154	0.025	0.176	0.006
4200.000	5.000	47.150	0.004	0.079	0.035	0.068	0.159	0.025	0.176	0.004
4250.000	5.000	288.000	0.005	0.158	0.041	0.029	0.162	0.026	0.177	0.004
4300.000	5.000	395.000	0.005	0.189	0.047	0.009	0.161	0.024	0.173	0.005
4350.000	4.000	0.000	0.004	0.003	0.053	0.008	0.191	0.031	0.190	0.005
4400.000	4.000	0.289	0.007	0.003	0.056	0.006	0.191	0.033	0.191	0.005
4450.000	4.000	0.250	0.009	0.006	0.057	0.007	0.192	0.028	0.183	0.004
4500.000	4.000	0.500	0.013	0.005	0.056	0.005	0.193	0.024	0.179	0.006
4550.000	4.000	0.000	0.014	0.005	0.053	0.004	0.187	0.032	0.173	0.005
4600.000	4.000	0.000	0.011	0.005	0.050	0.009	0.180	0.032	0.166	0.007
4650.000	4.000	0.408	0.011	0.007	0.058	0.012	0.180	0.032	0.163	0.006
4700.000	4.000	0.250	0.011	0.008	0.050	0.017	0.176	0.031	0.158	0.005
4750.000	4.000	0.000	0.009	0.018	0.037	0.041	0.182	0.023	0.157	0.005
4800.000	4.000	0.250	0.007	0.031	0.015	0.116	0.188	0.008	0.168	0.004
4850.000	4.000	110.500	0.009	0.034	0.028	0.154	0.194	0.010	0.180	0.007
4900.000	4.000	286.250	0.009	0.009	0.011	0.216	0.192	0.013	0.178	0.008
4950.000	4.000	487.750	0.011	0.001	0.012	0.232	0.193	0.015	0.182	0.008
5000.000	3.000	0.333	0.011	0.002	0.004	0.023	0.237	0.012	0.205	0.004
	
Sweep Number:	3
groups	true
memorySize	3
Step	Reps	N	Coop	Def	WCoop	WDef	TFTM	TFTS	PAVLOVM	PAVLOVS
0.000	10.000	1479.100	0.124	0.127	0.125	0.124	0.123	0.125	0.125	0.126
1.000	10.000	1440.900	0.122	0.130	0.124	0.127	0.122	0.124	0.125	0.126
50.000	10.000	1999.800	0.159	0.050	0.178	0.052	0.182	0.105	0.175	0.100
100.000	10.000	1999.800	0.181	0.010	0.203	0.011	0.226	0.086	0.209	0.073
150.000	10.000	1999.900	0.193	0.004	0.211	0.006	0.249	0.066	0.217	0.055
200.000	10.000	1999.600	0.193	0.004	0.218	0.005	0.250	0.055	0.228	0.047
250.000	10.000	1999.900	0.192	0.005	0.222	0.005	0.253	0.049	0.231	0.043
300.000	10.000	1999.700	0.194	0.005	0.212	0.005	0.260	0.045	0.240	0.039
350.000	10.000	2000.000	0.188	0.006	0.206	0.008	0.263	0.044	0.246	0.040
400.000	10.000	1999.900	0.192	0.006	0.207	0.009	0.266	0.038	0.243	0.039
450.000	10.000	2000.000	0.193	0.008	0.204	0.010	0.271	0.035	0.244	0.035
500.000	10.000	1999.700	0.182	0.006	0.201	0.012	0.289	0.039	0.239	0.032
550.000	10.000	1999.800	0.171	0.007	0.200	0.013	0.286	0.040	0.253	0.031
600.000	10.000	2000.000	0.154	0.008	0.202	0.014	0.305	0.036	0.251	0.030
650.000	10.000	1999.900	0.131	0.008	0.204	0.017	0.322	0.038	0.252	0.029
700.000	10.000	1999.900	0.120	0.009	0.202	0.014	0.335	0.038	0.251	0.032
750.000	10.000	1999.700	0.107	0.008	0.205	0.013	0.351	0.036	0.249	0.031
800.000	10.000	1999.700	0.099	0.007	0.206	0.012	0.356	0.037	0.256	0.028
850.000	10.000	1999.900	0.100	0.005	0.202	0.010	0.368	0.034	0.251	0.028
900.000	10.000	1999.900	0.099	0.007	0.197	0.010	0.375	0.031	0.252	0.029
950.000	10.000	1999.800	0.104	0.005	0.181	0.011	0.390	0.032	0.249	0.029
1000.000	10.000	1999.900	0.098	0.006	0.178	0.011	0.406	0.028	0.248	0.026
1050.000	10.000	1999.500	0.095	0.007	0.168	0.012	0.418	0.025	0.250	0.024
1100.000	10.000	1999.900	0.091	0.009	0.164	0.012	0.423	0.026	0.252	0.023
1150.000	10.000	1999.800	0.083	0.010	0.160	0.010	0.436	0.025	0.252	0.024
1200.000	10.000	1999.900	0.074	0.009	0.165	0.009	0.444	0.026	0.252	0.021
1250.000	10.000	1999.700	0.065	0.008	0.157	0.010	0.457	0.029	0.253	0.021
1300.000	10.000	1999.600	0.063	0.006	0.154	0.011	0.458	0.031	0.254	0.023
1350.000	10.000	1999.900	0.060	0.005	0.144	0.009	0.469	0.035	0.255	0.024
1400.000	10.000	1999.600	0.065	0.005	0.141	0.010	0.470	0.032	0.255	0.022
1450.000	10.000	1999.700	0.064	0.004	0.140	0.009	0.474	0.033	0.251	0.024
1500.000	10.000	1999.900	0.062	0.005	0.143	0.011	0.473	0.034	0.248	0.024
1550.000	10.000	1999.900	0.062	0.006	0.150	0.009	0.472	0.033	0.246	0.022
1600.000	10.000	1999.700	0.064	0.007	0.148	0.010	0.473	0.032	0.242	0.024
1650.000	10.000	1999.800	0.063	0.008	0.152	0.011	0.477	0.030	0.236	0.023
1700.000	10.000	1999.900	0.060	0.008	0.153	0.013	0.481	0.031	0.231	0.023
1750.000	10.000	1999.900	0.056	0.008	0.161	0.013	0.474	0.030	0.233	0.024
1800.000	10.000	1999.800	0.049	0.008	0.167	0.013	0.470	0.030	0.238	0.024
1850.000	10.000	1999.700	0.046	0.007	0.184	0.016	0.453	0.032	0.236	0.026
1900.000	10.000	1999.800	0.046	0.006	0.191	0.017	0.445	0.031	0.238	0.026
1950.000	10.000	1999.700	0.048	0.007	0.194	0.018	0.437	0.029	0.241	0.025
2000.000	10.000	1999.800	0.048	0.008	0.191	0.018	0.439	0.029	0.245	0.023
2050.000	10.000	2000.000	0.046	0.008	0.187	0.018	0.432	0.030	0.253	0.026
2100.000	10.000	1999.800	0.049	0.008	0.184	0.019	0.425	0.027	0.262	0.027
2150.000	10.000	2000.000	0.049	0.007	0.178	0.020	0.421	0.025	0.272	0.028
2200.000	10.000	1999.600	0.051	0.008	0.172	0.020	0.412	0.026	0.283	0.028
2250.000	10.000	1999.700	0.047	0.009	0.155	0.020	0.418	0.025	0.298	0.028
2300.000	10.000	1999.700	0.047	0.010	0.151	0.020	0.426	0.023	0.293	0.029
2350.000	10.000	1999.800	0.046	0.009	0.148	0.021	0.424	0.022	0.299	0.030
2400.000	10.000	2000.000	0.045	0.008	0.140	0.025	0.423	0.023	0.305	0.033
2450.000	10.000	1999.800	0.043	0.007	0.127	0.026	0.421	0.024	0.318	0.034
2500.000	10.000	1999.800	0.042	0.008	0.116	0.025	0.418	0.026	0.329	0.036
2550.000	10.000	1999.900	0.042	0.011	0.107	0.026	0.417	0.027	0.331	0.038
2600.000	10.000	1999.800	0.040	0.013	0.099	0.030	0.412	0.029	0.338	0.039
2650.000	10.000	1999.500	0.039	0.011	0.089	0.026	0.399	0.034	0.359	0.044
2700.000	10.000	2000.000	0.039	0.009	0.082	0.015	0.399	0.038	0.371	0.047
2750.000	10.000	1999.900	0.043	0.008	0.083	0.012	0.399	0.039	0.368	0.048
2800.000	10.000	1999.700	0.047	0.008	0.084	0.010	0.394	0.042	0.367	0.048
2850.000	10.000	2000.000	0.049	0.010	0.090	0.011	0.383	0.044	0.364	0.049
2900.000	10.000	2000.000	0.053	0.009	0.090	0.011	0.383	0.047	0.358	0.050
2950.000	10.000	1999.900	0.051	0.008	0.092	0.011	0.388	0.045	0.350	0.055
3000.000	10.000	1999.800	0.048	0.008	0.100	0.011	0.380	0.049	0.350	0.054
3050.000	10.000	2000.000	0.045	0.010	0.111	0.013	0.366	0.051	0.344	0.060
3100.000	10.000	1999.600	0.047	0.010	0.117	0.012	0.369	0.055	0.329	0.063
3150.000	10.000	2000.000	0.050	0.010	0.123	0.012	0.363	0.058	0.322	0.063
3200.000	10.000	2000.000	0.050	0.009	0.138	0.012	0.363	0.057	0.308	0.062
3250.000	10.000	2000.000	0.049	0.009	0.143	0.012	0.356	0.052	0.314	0.063
3300.000	10.000	1999.700	0.047	0.009	0.147	0.015	0.357	0.051	0.312	0.061
3350.000	10.000	1999.900	0.044	0.009	0.146	0.019	0.362	0.052	0.308	0.060
3400.000	10.000	1999.800	0.046	0.010	0.148	0.022	0.355	0.053	0.308	0.058
3450.000	10.000	1999.900	0.043	0.008	0.145	0.026	0.344	0.059	0.315	0.060
3500.000	10.000	1999.600	0.044	0.008	0.139	0.025	0.337	0.058	0.333	0.057
3550.000	10.000	1999.900	0.045	0.009	0.135	0.024	0.328	0.062	0.334	0.063
3600.000	10.000	1999.600	0.049	0.011	0.136	0.024	0.328	0.067	0.320	0.066
3650.000	10.000	2000.000	0.049	0.011	0.130	0.029	0.338	0.072	0.307	0.065
3700.000	10.000	1999.600	0.048	0.010	0.123	0.033	0.348	0.072	0.298	0.069
3750.000	10.000	2000.000	0.045	0.008	0.120	0.030	0.362	0.071	0.293	0.071
3800.000	10.000	1999.800	0.044	0.008	0.112	0.027	0.372	0.073	0.291	0.073
3850.000	10.000	1999.800	0.041	0.008	0.107	0.028	0.373	0.073	0.294	0.076
3900.000	10.000	2000.000	0.044	0.008	0.099	0.033	0.375	0.073	0.295	0.073
3950.000	10.000	1999.800	0.043	0.010	0.102	0.034	0.373	0.070	0.299	0.070
4000.000	10.000	1999.700	0.045	0.011	0.095	0.035	0.364	0.073	0.299	0.078
4050.000	10.000	1999.700	0.045	0.016	0.092	0.042	0.360	0.069	0.294	0.082
4100.000	10.000	1999.800	0.043	0.018	0.096	0.053	0.358	0.066	0.281	0.084
4150.000	10.000	1999.900	0.045	0.013	0.104	0.044	0.357	0.066	0.290	0.081
4200.000	10.000	1999.700	0.047	0.007	0.106	0.036	0.359	0.073	0.296	0.074
4250.000	10.000	1999.900	0.048	0.008	0.105	0.040	0.364	0.073	0.289	0.073
4300.000	10.000	2000.000	0.046	0.010	0.102	0.051	0.365	0.070	0.285	0.072
4350.000	10.000	1999.800	0.040	0.016	0.094	0.065	0.363	0.073	0.277	0.072
4400.000	10.000	1999.900	0.041	0.023	0.107	0.064	0.374	0.070	0.258	0.064
4450.000	10.000	2000.000	0.040	0.013	0.149	0.033	0.386	0.073	0.249	0.057
4500.000	10.000	2000.000	0.044	0.010	0.155	0.032	0.386	0.077	0.243	0.054
4550.000	10.000	1999.900	0.043	0.013	0.159	0.041	0.383	0.072	0.238	0.051
4600.000	10.000	1999.900	0.043	0.017	0.159	0.048	0.372	0.074	0.238	0.049
4650.000	10.000	1999.900	0.045	0.018	0.159	0.035	0.358	0.080	0.257	0.047
4700.000	10.000	1999.700	0.045	0.015	0.154	0.037	0.355	0.085	0.267	0.043
4750.000	10.000	1999.800	0.043	0.022	0.131	0.059	0.353	0.087	0.263	0.043
4800.000	10.000	1987.800	0.042	0.028	0.102	0.090	0.354	0.090	0.255	0.039
4850.000	10.000	1835.400	0.041	0.029	0.094	0.099	0.349	0.093	0.258	0.037
4900.000	10.000	1800.100	0.043	0.008	0.094	0.120	0.344	0.093	0.262	0.037
4950.000	9.000	2000.000	0.046	0.010	0.107	0.023	0.382	0.103	0.288	0.040
5000.000	9.000	1999.889	0.048	0.010	0.106	0.023	0.378	0.107	0.287	0.041

Step	Reps	N	Coop	Def	WCoop	WDef	TFTM	TFTS	PAVLOVM	PAVLOVS
0.000	10.000	4.162	0.001	0.001	0.001	0.001	0.001	0.001	0.001	0.001
1.000	10.000	5.569	0.001	0.001	0.001	0.001	0.001	0.001	0.001	0.001
50.000	10.000	0.133	0.006	0.002	0.004	0.002	0.006	0.005	0.006	0.003
100.000	10.000	0.133	0.009	0.002	0.008	0.001	0.010	0.005	0.010	0.005
150.000	10.000	0.100	0.010	0.001	0.009	0.001	0.014	0.006	0.013	0.004
200.000	10.000	0.306	0.013	0.001	0.013	0.002	0.017	0.008	0.015	0.006
250.000	10.000	0.100	0.015	0.001	0.016	0.002	0.017	0.009	0.015	0.007
300.000	10.000	0.153	0.017	0.001	0.016	0.001	0.019	0.009	0.015	0.007
350.000	10.000	0.000	0.017	0.001	0.016	0.002	0.021	0.009	0.015	0.009
400.000	10.000	0.100	0.018	0.001	0.014	0.002	0.019	0.008	0.017	0.010
450.000	10.000	0.000	0.019	0.001	0.016	0.003	0.022	0.007	0.020	0.009
500.000	10.000	0.153	0.017	0.001	0.018	0.003	0.024	0.008	0.022	0.007
550.000	10.000	0.133	0.017	0.001	0.021	0.003	0.026	0.008	0.022	0.008
600.000	10.000	0.000	0.016	0.001	0.026	0.004	0.032	0.007	0.025	0.008
650.000	10.000	0.100	0.015	0.001	0.027	0.005	0.036	0.007	0.024	0.007
700.000	10.000	0.100	0.017	0.002	0.028	0.004	0.037	0.008	0.025	0.007
750.000	10.000	0.153	0.014	0.002	0.030	0.003	0.037	0.009	0.024	0.008
800.000	10.000	0.153	0.015	0.001	0.031	0.003	0.034	0.009	0.024	0.007
850.000	10.000	0.100	0.019	0.001	0.032	0.003	0.034	0.009	0.024	0.007
900.000	10.000	0.100	0.020	0.001	0.029	0.002	0.034	0.009	0.021	0.008
950.000	10.000	0.133	0.021	0.001	0.027	0.002	0.035	0.007	0.022	0.009
1000.000	10.000	0.100	0.022	0.001	0.026	0.003	0.037	0.006	0.022	0.007
1050.000	10.000	0.224	0.024	0.001	0.022	0.004	0.040	0.005	0.024	0.006
1100.000	10.000	0.100	0.025	0.002	0.021	0.003	0.039	0.006	0.027	0.007
1150.000	10.000	0.133	0.022	0.002	0.020	0.002	0.038	0.005	0.029	0.008
1200.000	10.000	0.100	0.018	0.002	0.020	0.002	0.035	0.005	0.031	0.007
1250.000	10.000	0.213	0.015	0.001	0.017	0.002	0.032	0.004	0.028	0.006
1300.000	10.000	0.163	0.013	0.001	0.016	0.002	0.033	0.004	0.029	0.006
1350.000	10.000	0.100	0.011	0.001	0.016	0.001	0.034	0.006	0.029	0.007
1400.000	10.000	0.221	0.012	0.001	0.016	0.001	0.037	0.006	0.029	0.006
1450.000	10.000	0.213	0.012	0.001	0.017	0.002	0.038	0.006	0.031	0.006
1500.000	10.000	0.100	0.013	0.001	0.020	0.002	0.041	0.006	0.033	0.008
1550.000	10.000	0.100	0.013	0.001	0.020	0.002	0.044	0.006	0.035	0.007
1600.000	10.000	0.213	0.013	0.001	0.020	0.003	0.045	0.006	0.035	0.007
1650.000	10.000	0.133	0.013	0.001	0.023	0.002	0.048	0.007	0.035	0.006
1700.000	10.000	0.100	0.012	0.001	0.025	0.003	0.050	0.008	0.037	0.006
1750.000	10.000	0.100	0.009	0.001	0.026	0.003	0.049	0.007	0.036	0.007
1800.000	10.000	0.133	0.006	0.002	0.027	0.004	0.050	0.006	0.034	0.007
1850.000	10.000	0.153	0.005	0.002	0.030	0.004	0.051	0.007	0.036	0.007
1900.000	10.000	0.133	0.006	0.001	0.030	0.005	0.051	0.007	0.038	0.006
1950.000	10.000	0.153	0.008	0.001	0.029	0.005	0.053	0.007	0.041	0.006
2000.000	10.000	0.200	0.007	0.001	0.026	0.005	0.053	0.006	0.045	0.006
2050.000	10.000	0.000	0.007	0.002	0.026	0.005	0.052	0.006	0.048	0.007
2100.000	10.000	0.133	0.007	0.001	0.026	0.004	0.059	0.005	0.059	0.007
2150.000	10.000	0.000	0.007	0.002	0.025	0.004	0.065	0.004	0.066	0.007
2200.000	10.000	0.163	0.008	0.002	0.023	0.004	0.071	0.004	0.070	0.007
2250.000	10.000	0.153	0.008	0.002	0.021	0.004	0.074	0.003	0.071	0.007
2300.000	10.000	0.153	0.008	0.002	0.023	0.005	0.078	0.004	0.071	0.006
2350.000	10.000	0.133	0.008	0.003	0.024	0.005	0.083	0.005	0.073	0.007
2400.000	10.000	0.000	0.008	0.003	0.025	0.007	0.082	0.005	0.075	0.007
2450.000	10.000	0.133	0.008	0.002	0.027	0.008	0.082	0.005	0.080	0.006
2500.000	10.000	0.133	0.008	0.002	0.028	0.008	0.081	0.006	0.082	0.006
2550.000	10.000	0.100	0.008	0.002	0.026	0.009	0.081	0.006	0.078	0.007
2600.000	10.000	0.133	0.008	0.003	0.019	0.013	0.080	0.007	0.077	0.008
2650.000	10.000	0.167	0.008	0.002	0.010	0.012	0.079	0.008	0.080	0.008
2700.000	10.000	0.000	0.007	0.002	0.011	0.004	0.078	0.009	0.086	0.010
2750.000	10.000	0.100	0.009	0.002	0.011	0.003	0.078	0.009	0.086	0.011
2800.000	10.000	0.153	0.009	0.002	0.011	0.003	0.079	0.010	0.084	0.012
2850.000	10.000	0.000	0.010	0.002	0.012	0.002	0.077	0.010	0.081	0.012
2900.000	10.000	0.000	0.010	0.002	0.013	0.003	0.077	0.011	0.080	0.011
2950.000	10.000	0.100	0.011	0.001	0.014	0.003	0.076	0.010	0.080	0.012
3000.000	10.000	0.133	0.011	0.002	0.016	0.003	0.074	0.011	0.078	0.012
3050.000	10.000	0.000	0.010	0.002	0.016	0.003	0.073	0.012	0.075	0.012
3100.000	10.000	0.221	0.009	0.002	0.017	0.003	0.073	0.012	0.074	0.012
3150.000	10.000	0.000	0.008	0.003	0.017	0.003	0.070	0.014	0.075	0.012
3200.000	10.000	0.000	0.008	0.003	0.019	0.002	0.068	0.013	0.073	0.013
3250.000	10.000	0.000	0.009	0.003	0.019	0.002	0.066	0.011	0.072	0.013
3300.000	10.000	0.213	0.008	0.003	0.020	0.003	0.066	0.011	0.072	0.012
3350.000	10.000	0.100	0.008	0.003	0.021	0.005	0.066	0.011	0.070	0.010
3400.000	10.000	0.200	0.008	0.003	0.022	0.009	0.068	0.012	0.068	0.011
3450.000	10.000	0.100	0.007	0.002	0.020	0.011	0.069	0.014	0.066	0.012
3500.000	10.000	0.163	0.006	0.001	0.020	0.008	0.071	0.014	0.071	0.010
3550.000	10.000	0.100	0.006	0.001	0.021	0.006	0.070	0.015	0.074	0.011
3600.000	10.000	0.306	0.007	0.002	0.021	0.007	0.070	0.018	0.072	0.012
3650.000	10.000	0.000	0.006	0.003	0.019	0.009	0.069	0.021	0.071	0.014
3700.000	10.000	0.163	0.007	0.002	0.017	0.011	0.071	0.020	0.073	0.014
3750.000	10.000	0.000	0.007	0.001	0.016	0.009	0.074	0.020	0.075	0.013
3800.000	10.000	0.200	0.007	0.001	0.015	0.007	0.073	0.021	0.077	0.013
3850.000	10.000	0.133	0.007	0.001	0.013	0.007	0.072	0.021	0.077	0.014
3900.000	10.000	0.000	0.008	0.002	0.011	0.008	0.071	0.020	0.077	0.013
3950.000	10.000	0.133	0.008	0.003	0.013	0.010	0.070	0.018	0.078	0.012
4000.000	10.000	0.213	0.007	0.005	0.012	0.013	0.069	0.019	0.076	0.013
4050.000	10.000	0.153	0.007	0.008	0.012	0.020	0.070	0.016	0.072	0.013
4100.000	10.000	0.200	0.007	0.009	0.011	0.032	0.071	0.015	0.068	0.016
4150.000	10.000	0.100	0.007	0.005	0.014	0.019	0.068	0.013	0.069	0.018
4200.000	10.000	0.300	0.008	0.001	0.016	0.013	0.067	0.015	0.068	0.017
4250.000	10.000	0.100	0.008	0.002	0.017	0.015	0.069	0.016	0.065	0.016
4300.000	10.000	0.000	0.007	0.004	0.015	0.021	0.069	0.015	0.064	0.015
4350.000	10.000	0.133	0.007	0.008	0.015	0.032	0.071	0.015	0.061	0.014
4400.000	10.000	0.100	0.008	0.015	0.021	0.035	0.071	0.016	0.062	0.012
4450.000	10.000	0.000	0.009	0.004	0.054	0.015	0.066	0.018	0.065	0.010
4500.000	10.000	0.000	0.010	0.001	0.059	0.019	0.066	0.018	0.065	0.009
4550.000	10.000	0.100	0.010	0.002	0.058	0.027	0.065	0.018	0.064	0.010
4600.000	10.000	0.100	0.011	0.003	0.059	0.028	0.065	0.021	0.065	0.009
4650.000	10.000	0.100	0.009	0.004	0.057	0.013	0.067	0.024	0.079	0.011
4700.000	10.000	0.153	0.008	0.006	0.051	0.015	0.068	0.027	0.089	0.012
4750.000	10.000	0.133	0.007	0.012	0.032	0.033	0.067	0.027	0.090	0.013
4800.000	10.000	12.200	0.007	0.019	0.020	0.066	0.071	0.028	0.087	0.012
4850.000	10.000	164.489	0.006	0.021	0.021	0.076	0.074	0.027	0.086	0.012
4900.000	10.000	199.900	0.006	0.001	0.023	0.098	0.074	0.025	0.086	0.012
4950.000	9.000	0.000	0.004	0.002	0.022	0.010	0.069	0.028	0.087	0.011
5000.000	9.000	0.111	0.005	0.002	0.021	0.009	0.069	0.032	0.085	0.011
	
Sweep Number:	4
groups	false
memorySize	1
Step	Reps	N	Coop	Def	WCoop	WDef	TFTM	TFTS	PAVLOVM	PAVLOVS
0.000	10.000	1469.800	0.124	0.126	0.126	0.125	0.125	0.124	0.125	0.126
1.000	10.000	1421.800	0.122	0.130	0.125	0.128	0.124	0.123	0.124	0.124
50.000	10.000	1999.600	0.126	0.071	0.135	0.136	0.136	0.132	0.133	0.130
100.000	10.000	1999.500	0.133	0.030	0.144	0.129	0.144	0.142	0.145	0.133
150.000	10.000	1999.500	0.135	0.019	0.150	0.110	0.147	0.148	0.156	0.134
200.000	10.000	1999.800	0.147	0.016	0.149	0.095	0.148	0.148	0.171	0.125
250.000	10.000	1999.700	0.153	0.013	0.150	0.088	0.146	0.154	0.171	0.126
300.000	10.000	1999.900	0.154	0.014	0.151	0.086	0.149	0.155	0.166	0.124
350.000	10.000	1999.800	0.163	0.012	0.152	0.083	0.146	0.167	0.166	0.112
400.000	10.000	1999.800	0.167	0.015	0.160	0.072	0.145	0.165	0.162	0.116
450.000	10.000	1999.700	0.179	0.014	0.155	0.067	0.144	0.168	0.159	0.114
500.000	10.000	2000.000	0.186	0.012	0.157	0.065	0.140	0.174	0.152	0.114
550.000	10.000	1999.900	0.189	0.011	0.163	0.061	0.138	0.172	0.151	0.115
600.000	10.000	2000.000	0.193	0.010	0.164	0.060	0.141	0.172	0.149	0.111
650.000	10.000	1999.700	0.191	0.008	0.166	0.054	0.140	0.176	0.153	0.113
700.000	10.000	1999.800	0.193	0.008	0.176	0.049	0.135	0.167	0.159	0.112
750.000	10.000	1999.800	0.192	0.007	0.187	0.046	0.138	0.161	0.161	0.107
800.000	10.000	1999.800	0.196	0.007	0.183	0.043	0.138	0.158	0.165	0.110
850.000	10.000	1999.700	0.197	0.008	0.183	0.046	0.138	0.153	0.163	0.112
900.000	10.000	1999.500	0.196	0.009	0.192	0.044	0.128	0.151	0.167	0.114
950.000	10.000	2000.000	0.193	0.009	0.197	0.040	0.130	0.151	0.166	0.115
1000.000	10.000	2000.000	0.188	0.009	0.197	0.039	0.127	0.151	0.172	0.115
1050.000	10.000	2000.000	0.187	0.010	0.198	0.038	0.127	0.144	0.178	0.118
1100.000	10.000	1999.900	0.188	0.008	0.202	0.040	0.126	0.142	0.177	0.118
1150.000	10.000	1999.900	0.188	0.007	0.201	0.038	0.133	0.146	0.178	0.109
1200.000	10.000	1999.800	0.187	0.007	0.205	0.037	0.138	0.141	0.177	0.108
1250.000	10.000	1999.800	0.188	0.007	0.204	0.032	0.141	0.143	0.179	0.106
1300.000	10.000	1999.800	0.190	0.009	0.197	0.030	0.145	0.143	0.181	0.104
1350.000	10.000	1999.600	0.190	0.010	0.195	0.027	0.148	0.145	0.179	0.106
1400.000	10.000	1999.800	0.195	0.012	0.195	0.026	0.147	0.136	0.179	0.110
1450.000	10.000	1999.900	0.201	0.009	0.197	0.027	0.150	0.129	0.177	0.110
1500.000	10.000	2000.000	0.198	0.008	0.197	0.029	0.154	0.126	0.179	0.111
1550.000	10.000	1999.900	0.206	0.007	0.199	0.029	0.153	0.121	0.180	0.105
1600.000	10.000	1999.800	0.202	0.009	0.200	0.031	0.156	0.119	0.178	0.107
1650.000	10.000	2000.000	0.205	0.008	0.200	0.031	0.159	0.110	0.186	0.102
1700.000	10.000	1999.700	0.202	0.008	0.199	0.031	0.156	0.110	0.197	0.096
1750.000	10.000	2000.000	0.200	0.008	0.196	0.032	0.161	0.116	0.192	0.094
1800.000	10.000	1999.900	0.203	0.010	0.195	0.030	0.163	0.122	0.185	0.091
1850.000	10.000	2000.000	0.214	0.008	0.196	0.031	0.160	0.118	0.187	0.087
1900.000	10.000	1999.800	0.220	0.008	0.192	0.032	0.170	0.109	0.184	0.084
1950.000	10.000	1999.800	0.225	0.008	0.195	0.031	0.167	0.106	0.185	0.082
2000.000	10.000	2000.000	0.222	0.007	0.190	0.035	0.171	0.100	0.192	0.083
2050.000	10.000	1999.400	0.225	0.008	0.191	0.036	0.173	0.091	0.199	0.078
2100.000	10.000	1999.800	0.220	0.009	0.194	0.037	0.176	0.090	0.201	0.074
2150.000	10.000	1999.900	0.215	0.010	0.198	0.037	0.171	0.094	0.201	0.075
2200.000	10.000	1999.800	0.209	0.010	0.197	0.041	0.170	0.096	0.198	0.077
2250.000	10.000	1999.400	0.217	0.009	0.190	0.040	0.168	0.094	0.201	0.081
2300.000	10.000	1999.900	0.219	0.008	0.179	0.041	0.167	0.095	0.206	0.085
2350.000	10.000	2000.000	0.212	0.008	0.181	0.040	0.164	0.097	0.215	0.084
2400.000	10.000	1999.900	0.207	0.008	0.172	0.042	0.164	0.101	0.220	0.086
2450.000	10.000	1999.700	0.205	0.009	0.163	0.041	0.169	0.102	0.223	0.089
2500.000	10.000	1999.700	0.207	0.009	0.164	0.044	0.172	0.100	0.214	0.090
2550.000	10.000	1999.700	0.206	0.009	0.173	0.045	0.175	0.095	0.208	0.089
2600.000	10.000	1999.900	0.206	0.007	0.175	0.048	0.179	0.091	0.205	0.089
2650.000	10.000	1999.800	0.195	0.008	0.185	0.041	0.184	0.088	0.206	0.094
2700.000	10.000	2000.000	0.193	0.006	0.184	0.038	0.189	0.089	0.209	0.091
2750.000	10.000	2000.000	0.194	0.006	0.181	0.041	0.196	0.086	0.205	0.091
2800.000	10.000	2000.000	0.202	0.008	0.186	0.041	0.188	0.080	0.205	0.090
2850.000	10.000	2000.000	0.210	0.006	0.187	0.039	0.188	0.077	0.204	0.089
2900.000	10.000	2000.000	0.209	0.007	0.185	0.041	0.179	0.074	0.213	0.092
2950.000	10.000	2000.000	0.205	0.008	0.181	0.042	0.178	0.071	0.221	0.093
3000.000	10.000	2000.000	0.199	0.010	0.190	0.039	0.172	0.071	0.227	0.093
3050.000	10.000	2000.000	0.198	0.009	0.193	0.037	0.169	0.071	0.229	0.094
3100.000	10.000	1999.800	0.193	0.007	0.194	0.034	0.174	0.074	0.234	0.089
3150.000	10.000	1999.800	0.183	0.008	0.198	0.035	0.177	0.075	0.235	0.088
3200.000	10.000	1999.700	0.191	0.009	0.190	0.032	0.178	0.079	0.228	0.094
3250.000	10.000	2000.000	0.188	0.009	0.191	0.036	0.171	0.079	0.232	0.094
3300.000	10.000	1999.800	0.193	0.009	0.188	0.043	0.161	0.077	0.238	0.091
3350.000	10.000	1999.700	0.197	0.008	0.189	0.043	0.153	0.075	0.239	0.097
3400.000	10.000	2000.000	0.192	0.010	0.191	0.048	0.147	0.079	0.238	0.096
3450.000	10.000	1999.700	0.192	0.009	0.186	0.042	0.145	0.084	0.242	0.100
3500.000	10.000	1999.400	0.185	0.008	0.186	0.045	0.148	0.085	0.242	0.101
3550.000	10.000	1999.300	0.187	0.009	0.186	0.047	0.147	0.082	0.242	0.101
3600.000	10.000	2000.000	0.189	0.009	0.184	0.047	0.150	0.079	0.242	0.099
3650.000	10.000	2000.000	0.195	0.010	0.177	0.048	0.156	0.076	0.242	0.096
3700.000	10.000	2000.000	0.203	0.008	0.176	0.047	0.165	0.074	0.236	0.091
3750.000	10.000	1999.900	0.206	0.008	0.167	0.046	0.175	0.067	0.239	0.092
3800.000	10.000	1999.900	0.202	0.007	0.168	0.048	0.178	0.062	0.238	0.097
3850.000	10.000	2000.000	0.208	0.008	0.169	0.045	0.183	0.064	0.223	0.101
3900.000	10.000	2000.000	0.208	0.011	0.171	0.043	0.187	0.061	0.218	0.101
3950.000	10.000	1999.800	0.208	0.008	0.166	0.045	0.186	0.064	0.219	0.103
4000.000	10.000	1999.900	0.203	0.008	0.169	0.048	0.184	0.068	0.216	0.104
4050.000	10.000	1999.900	0.209	0.007	0.168	0.048	0.175	0.076	0.212	0.105
4100.000	10.000	1999.900	0.209	0.008	0.165	0.048	0.177	0.078	0.209	0.106
4150.000	10.000	2000.000	0.213	0.008	0.152	0.047	0.182	0.076	0.213	0.108
4200.000	10.000	1999.900	0.218	0.008	0.143	0.045	0.179	0.079	0.212	0.115
4250.000	10.000	2000.000	0.218	0.007	0.145	0.042	0.177	0.077	0.211	0.123
4300.000	10.000	1999.700	0.214	0.007	0.151	0.042	0.173	0.074	0.213	0.125
4350.000	10.000	1999.900	0.207	0.009	0.152	0.039	0.178	0.078	0.214	0.123
4400.000	10.000	1999.800	0.199	0.009	0.154	0.041	0.176	0.081	0.219	0.122
4450.000	10.000	2000.000	0.197	0.008	0.154	0.038	0.174	0.082	0.223	0.123
4500.000	10.000	1999.800	0.193	0.008	0.154	0.038	0.178	0.084	0.216	0.129
4550.000	10.000	2000.000	0.189	0.008	0.157	0.037	0.175	0.082	0.220	0.132
4600.000	10.000	1999.700	0.190	0.008	0.161	0.036	0.174	0.080	0.217	0.134
4650.000	10.000	1999.900	0.192	0.008	0.160	0.041	0.167	0.081	0.216	0.135
4700.000	10.000	2000.000	0.193	0.007	0.157	0.040	0.167	0.077	0.226	0.132
4750.000	10.000	1999.600	0.197	0.010	0.158	0.040	0.169	0.076	0.227	0.123
4800.000	10.000	2000.000	0.199	0.008	0.163	0.039	0.176	0.075	0.225	0.115
4850.000	10.000	1999.800	0.196	0.008	0.163	0.039	0.173	0.078	0.231	0.111
4900.000	10.000	1999.800	0.197	0.008	0.168	0.037	0.167	0.073	0.236	0.114
4950.000	10.000	1999.900	0.199	0.008	0.169	0.037	0.171	0.067	0.238	0.111
5000.000	10.000	1999.800	0.205	0.009	0.176	0.034	0.175	0.062	0.230	0.109

Step	Reps	N	Coop	Def	WCoop	WDef	TFTM	TFTS	PAVLOVM	PAVLOVS
0.000	10.000	6.441	0.001	0.001	0.001	0.001	0.001	0.001	0.001	0.001
1.000	10.000	7.342	0.002	0.001	0.001	0.001	0.001	0.001	0.001	0.002
50.000	10.000	0.221	0.004	0.002	0.004	0.003	0.003	0.004	0.003	0.004
100.000	10.000	0.307	0.008	0.001	0.007	0.008	0.006	0.007	0.005	0.008
150.000	10.000	0.307	0.009	0.002	0.006	0.008	0.009	0.010	0.010	0.010
200.000	10.000	0.133	0.010	0.001	0.006	0.008	0.009	0.012	0.012	0.011
250.000	10.000	0.213	0.011	0.001	0.007	0.008	0.010	0.014	0.011	0.010
300.000	10.000	0.100	0.010	0.002	0.010	0.009	0.013	0.015	0.014	0.013
350.000	10.000	0.133	0.012	0.002	0.010	0.010	0.015	0.018	0.015	0.012
400.000	10.000	0.133	0.012	0.001	0.012	0.008	0.014	0.019	0.015	0.013
450.000	10.000	0.153	0.014	0.001	0.015	0.009	0.014	0.018	0.011	0.013
500.000	10.000	0.000	0.016	0.001	0.017	0.010	0.012	0.018	0.014	0.013
550.000	10.000	0.100	0.020	0.001	0.018	0.008	0.012	0.020	0.016	0.014
600.000	10.000	0.000	0.023	0.001	0.018	0.008	0.011	0.022	0.018	0.014
650.000	10.000	0.213	0.025	0.001	0.018	0.008	0.016	0.026	0.018	0.014
700.000	10.000	0.133	0.026	0.001	0.018	0.008	0.016	0.025	0.019	0.014
750.000	10.000	0.133	0.028	0.001	0.020	0.006	0.017	0.026	0.022	0.014
800.000	10.000	0.200	0.029	0.001	0.020	0.004	0.018	0.026	0.023	0.014
850.000	10.000	0.153	0.029	0.001	0.019	0.005	0.019	0.025	0.024	0.015
900.000	10.000	0.307	0.027	0.001	0.020	0.005	0.018	0.026	0.025	0.016
950.000	10.000	0.000	0.026	0.001	0.020	0.004	0.019	0.027	0.024	0.018
1000.000	10.000	0.000	0.026	0.001	0.022	0.004	0.018	0.027	0.025	0.018
1050.000	10.000	0.000	0.025	0.001	0.022	0.004	0.019	0.027	0.026	0.019
1100.000	10.000	0.100	0.023	0.001	0.023	0.004	0.019	0.027	0.027	0.020
1150.000	10.000	0.100	0.023	0.001	0.025	0.004	0.020	0.029	0.026	0.019
1200.000	10.000	0.133	0.021	0.001	0.028	0.005	0.023	0.029	0.025	0.019
1250.000	10.000	0.133	0.022	0.001	0.026	0.003	0.026	0.029	0.023	0.015
1300.000	10.000	0.133	0.022	0.001	0.025	0.004	0.024	0.028	0.023	0.015
1350.000	10.000	0.163	0.022	0.001	0.026	0.003	0.023	0.028	0.024	0.015
1400.000	10.000	0.133	0.023	0.001	0.026	0.002	0.023	0.026	0.026	0.015
1450.000	10.000	0.100	0.023	0.001	0.027	0.003	0.023	0.021	0.024	0.016
1500.000	10.000	0.000	0.025	0.001	0.028	0.004	0.023	0.020	0.025	0.016
1550.000	10.000	0.100	0.022	0.001	0.028	0.004	0.022	0.021	0.026	0.016
1600.000	10.000	0.200	0.023	0.002	0.027	0.005	0.023	0.021	0.026	0.017
1650.000	10.000	0.000	0.024	0.001	0.028	0.004	0.025	0.019	0.026	0.016
1700.000	10.000	0.213	0.026	0.001	0.028	0.004	0.026	0.019	0.025	0.015
1750.000	10.000	0.000	0.028	0.001	0.026	0.004	0.024	0.021	0.027	0.015
1800.000	10.000	0.100	0.029	0.001	0.026	0.002	0.024	0.020	0.025	0.016
1850.000	10.000	0.000	0.032	0.001	0.026	0.003	0.021	0.019	0.025	0.016
1900.000	10.000	0.133	0.035	0.001	0.026	0.003	0.022	0.018	0.025	0.016
1950.000	10.000	0.133	0.037	0.001	0.025	0.003	0.022	0.018	0.024	0.015
2000.000	10.000	0.000	0.037	0.001	0.025	0.002	0.023	0.016	0.021	0.014
2050.000	10.000	0.221	0.039	0.001	0.027	0.002	0.025	0.016	0.024	0.013
2100.000	10.000	0.200	0.041	0.001	0.030	0.003	0.024	0.018	0.022	0.011
2150.000	10.000	0.100	0.038	0.001	0.031	0.004	0.023	0.019	0.023	0.011
2200.000	10.000	0.133	0.036	0.001	0.029	0.005	0.022	0.019	0.022	0.013
2250.000	10.000	0.267	0.038	0.002	0.026	0.005	0.021	0.018	0.021	0.012
2300.000	10.000	0.100	0.036	0.002	0.025	0.004	0.020	0.016	0.020	0.013
2350.000	10.000	0.000	0.032	0.001	0.026	0.005	0.017	0.016	0.021	0.011
2400.000	10.000	0.100	0.030	0.002	0.021	0.006	0.018	0.017	0.017	0.010
2450.000	10.000	0.213	0.029	0.001	0.018	0.007	0.019	0.018	0.017	0.010
2500.000	10.000	0.153	0.032	0.001	0.020	0.008	0.023	0.019	0.016	0.011
2550.000	10.000	0.153	0.032	0.001	0.024	0.007	0.023	0.018	0.014	0.011
2600.000	10.000	0.100	0.030	0.001	0.025	0.006	0.023	0.016	0.013	0.011
2650.000	10.000	0.133	0.027	0.001	0.026	0.005	0.019	0.015	0.013	0.013
2700.000	10.000	0.000	0.025	0.001	0.028	0.005	0.017	0.016	0.015	0.014
2750.000	10.000	0.000	0.026	0.001	0.029	0.006	0.018	0.017	0.014	0.015
2800.000	10.000	0.000	0.028	0.002	0.030	0.006	0.017	0.016	0.017	0.015
2850.000	10.000	0.000	0.030	0.002	0.030	0.006	0.016	0.015	0.017	0.016
2900.000	10.000	0.000	0.030	0.002	0.033	0.005	0.015	0.016	0.019	0.017
2950.000	10.000	0.000	0.028	0.002	0.033	0.006	0.016	0.018	0.019	0.016
3000.000	10.000	0.000	0.025	0.002	0.033	0.005	0.015	0.017	0.019	0.015
3050.000	10.000	0.000	0.024	0.001	0.033	0.004	0.015	0.018	0.023	0.016
3100.000	10.000	0.200	0.025	0.001	0.031	0.004	0.015	0.020	0.024	0.016
3150.000	10.000	0.133	0.026	0.001	0.032	0.004	0.017	0.020	0.024	0.015
3200.000	10.000	0.153	0.027	0.001	0.031	0.004	0.017	0.020	0.025	0.016
3250.000	10.000	0.000	0.026	0.002	0.031	0.005	0.018	0.020	0.024	0.017
3300.000	10.000	0.133	0.028	0.001	0.030	0.005	0.016	0.020	0.025	0.018
3350.000	10.000	0.153	0.028	0.001	0.027	0.006	0.016	0.018	0.025	0.019
3400.000	10.000	0.000	0.028	0.001	0.030	0.007	0.019	0.020	0.021	0.017
3450.000	10.000	0.213	0.027	0.001	0.029	0.005	0.020	0.020	0.017	0.018
3500.000	10.000	0.221	0.028	0.001	0.030	0.006	0.022	0.019	0.017	0.019
3550.000	10.000	0.335	0.028	0.001	0.029	0.006	0.024	0.018	0.018	0.017
3600.000	10.000	0.000	0.031	0.001	0.028	0.006	0.025	0.016	0.017	0.018
3650.000	10.000	0.000	0.031	0.002	0.027	0.006	0.029	0.016	0.017	0.017
3700.000	10.000	0.000	0.031	0.002	0.027	0.005	0.032	0.015	0.019	0.017
3750.000	10.000	0.100	0.030	0.001	0.024	0.004	0.033	0.015	0.019	0.018
3800.000	10.000	0.100	0.032	0.001	0.024	0.006	0.035	0.015	0.018	0.019
3850.000	10.000	0.000	0.034	0.002	0.025	0.006	0.036	0.016	0.016	0.019
3900.000	10.000	0.000	0.034	0.002	0.024	0.006	0.037	0.016	0.014	0.019
3950.000	10.000	0.133	0.034	0.001	0.025	0.006	0.036	0.017	0.016	0.020
4000.000	10.000	0.100	0.033	0.002	0.026	0.006	0.035	0.018	0.016	0.021
4050.000	10.000	0.100	0.033	0.001	0.027	0.005	0.034	0.020	0.015	0.022
4100.000	10.000	0.100	0.034	0.001	0.027	0.006	0.033	0.020	0.014	0.020
4150.000	10.000	0.000	0.035	0.002	0.025	0.005	0.034	0.019	0.011	0.019
4200.000	10.000	0.100	0.037	0.001	0.023	0.005	0.031	0.019	0.011	0.018
4250.000	10.000	0.000	0.038	0.001	0.024	0.004	0.030	0.018	0.012	0.017
4300.000	10.000	0.213	0.040	0.001	0.025	0.004	0.029	0.018	0.014	0.018
4350.000	10.000	0.100	0.038	0.001	0.022	0.004	0.030	0.018	0.016	0.018
4400.000	10.000	0.133	0.037	0.001	0.021	0.005	0.030	0.017	0.016	0.017
4450.000	10.000	0.000	0.036	0.001	0.023	0.005	0.030	0.017	0.017	0.017
4500.000	10.000	0.133	0.034	0.001	0.022	0.006	0.030	0.016	0.019	0.017
4550.000	10.000	0.000	0.030	0.001	0.023	0.008	0.030	0.016	0.019	0.018
4600.000	10.000	0.153	0.028	0.001	0.023	0.007	0.029	0.015	0.022	0.019
4650.000	10.000	0.100	0.028	0.001	0.024	0.007	0.028	0.016	0.024	0.021
4700.000	10.000	0.000	0.029	0.001	0.024	0.007	0.028	0.015	0.024	0.021
4750.000	10.000	0.221	0.030	0.001	0.024	0.006	0.027	0.014	0.024	0.016
4800.000	10.000	0.000	0.032	0.001	0.022	0.005	0.031	0.016	0.022	0.014
4850.000	10.000	0.200	0.030	0.001	0.021	0.004	0.033	0.017	0.022	0.015
4900.000	10.000	0.133	0.030	0.001	0.022	0.004	0.032	0.016	0.021	0.016
4950.000	10.000	0.100	0.031	0.001	0.023	0.004	0.034	0.015	0.019	0.017
5000.000	10.000	0.133	0.034	0.001	0.026	0.004	0.034	0.012	0.018	0.016
	
Sweep Number:	5
groups	false
memorySize	2
Step	Reps	N	Coop	Def	WCoop	WDef	TFTM	TFTS	PAVLOVM	PAVLOVS
0.000	10.000	1458.500	0.126	0.127	0.123	0.127	0.124	0.125	0.122	0.125
1.000	10.000	1417.000	0.126	0.130	0.122	0.130	0.123	0.123	0.121	0.125
50.000	10.000	1999.500	0.138	0.052	0.133	0.099	0.144	0.150	0.144	0.139
100.000	10.000	1999.600	0.148	0.018	0.141	0.063	0.158	0.167	0.156	0.148
150.000	10.000	1999.800	0.153	0.010	0.150	0.036	0.164	0.169	0.173	0.146
200.000	10.000	2000.000	0.151	0.008	0.147	0.023	0.170	0.169	0.182	0.151
250.000	10.000	2000.000	0.149	0.006	0.144	0.016	0.173	0.169	0.188	0.154
300.000	10.000	1999.800	0.152	0.005	0.150	0.012	0.176	0.166	0.188	0.151
350.000	10.000	1999.900	0.150	0.004	0.153	0.010	0.180	0.163	0.191	0.150
400.000	10.000	1999.900	0.151	0.005	0.162	0.009	0.181	0.162	0.187	0.143
450.000	10.000	1999.900	0.148	0.004	0.163	0.009	0.180	0.159	0.191	0.146
500.000	10.000	1999.900	0.144	0.004	0.162	0.008	0.191	0.157	0.194	0.141
550.000	10.000	1999.500	0.146	0.004	0.162	0.009	0.197	0.154	0.191	0.136
600.000	10.000	1999.900	0.152	0.006	0.153	0.009	0.196	0.154	0.201	0.130
650.000	10.000	1999.900	0.150	0.005	0.154	0.009	0.197	0.158	0.203	0.125
700.000	10.000	1999.700	0.152	0.003	0.161	0.009	0.205	0.152	0.200	0.118
750.000	10.000	2000.000	0.149	0.005	0.164	0.008	0.215	0.145	0.197	0.117
800.000	10.000	1999.700	0.152	0.005	0.164	0.007	0.212	0.144	0.207	0.109
850.000	10.000	2000.000	0.154	0.005	0.167	0.008	0.209	0.141	0.213	0.103
900.000	10.000	1999.800	0.155	0.005	0.168	0.008	0.212	0.138	0.215	0.100
950.000	10.000	1999.900	0.155	0.005	0.172	0.009	0.217	0.132	0.212	0.098
1000.000	10.000	2000.000	0.157	0.004	0.169	0.007	0.221	0.134	0.213	0.094
1050.000	10.000	1999.600	0.159	0.004	0.166	0.008	0.221	0.138	0.213	0.093
1100.000	10.000	1999.900	0.165	0.005	0.171	0.007	0.216	0.131	0.214	0.092
1150.000	10.000	2000.000	0.173	0.006	0.173	0.007	0.222	0.123	0.207	0.090
1200.000	10.000	1999.800	0.169	0.006	0.179	0.008	0.222	0.114	0.210	0.092
1250.000	10.000	1999.900	0.163	0.005	0.183	0.009	0.222	0.110	0.212	0.096
1300.000	10.000	1999.900	0.161	0.005	0.184	0.009	0.225	0.108	0.215	0.094
1350.000	10.000	1999.800	0.157	0.005	0.187	0.009	0.231	0.111	0.207	0.093
1400.000	10.000	1999.700	0.157	0.004	0.189	0.009	0.238	0.103	0.206	0.093
1450.000	10.000	1999.600	0.159	0.004	0.194	0.010	0.235	0.095	0.210	0.093
1500.000	10.000	1999.800	0.160	0.004	0.189	0.010	0.234	0.101	0.215	0.088
1550.000	10.000	1999.600	0.150	0.004	0.191	0.010	0.236	0.102	0.223	0.084
1600.000	10.000	1999.800	0.142	0.004	0.198	0.009	0.238	0.096	0.226	0.087
1650.000	10.000	1999.900	0.137	0.005	0.195	0.010	0.244	0.092	0.229	0.088
1700.000	10.000	2000.000	0.138	0.004	0.196	0.012	0.254	0.090	0.223	0.083
1750.000	10.000	2000.000	0.141	0.005	0.202	0.012	0.251	0.087	0.218	0.084
1800.000	10.000	2000.000	0.138	0.007	0.201	0.012	0.251	0.092	0.219	0.080
1850.000	10.000	1999.900	0.139	0.005	0.198	0.010	0.260	0.093	0.218	0.077
1900.000	10.000	2000.000	0.135	0.005	0.200	0.008	0.264	0.090	0.222	0.077
1950.000	10.000	1999.900	0.128	0.004	0.198	0.009	0.260	0.093	0.231	0.077
2000.000	10.000	1999.700	0.125	0.004	0.199	0.009	0.255	0.091	0.241	0.075
2050.000	10.000	2000.000	0.122	0.005	0.195	0.010	0.265	0.087	0.241	0.075
2100.000	10.000	1999.900	0.127	0.005	0.185	0.011	0.269	0.086	0.244	0.074
2150.000	10.000	2000.000	0.126	0.004	0.189	0.010	0.269	0.088	0.238	0.077
2200.000	10.000	1999.800	0.126	0.005	0.183	0.010	0.273	0.088	0.238	0.078
2250.000	10.000	1999.900	0.125	0.004	0.183	0.010	0.281	0.086	0.239	0.073
2300.000	10.000	1999.800	0.127	0.004	0.181	0.011	0.286	0.085	0.238	0.069
2350.000	10.000	1999.500	0.129	0.005	0.175	0.012	0.288	0.086	0.238	0.067
2400.000	10.000	1999.900	0.125	0.004	0.172	0.010	0.289	0.089	0.240	0.071
2450.000	10.000	1999.800	0.130	0.003	0.176	0.008	0.282	0.085	0.246	0.070
2500.000	10.000	1999.900	0.133	0.004	0.172	0.008	0.286	0.078	0.248	0.072
2550.000	10.000	1999.900	0.135	0.004	0.168	0.008	0.289	0.078	0.247	0.071
2600.000	10.000	1999.600	0.132	0.005	0.170	0.007	0.284	0.079	0.249	0.073
2650.000	10.000	1999.900	0.132	0.006	0.172	0.007	0.291	0.077	0.243	0.071
2700.000	10.000	1999.600	0.130	0.005	0.178	0.006	0.293	0.075	0.246	0.067
2750.000	10.000	1999.900	0.132	0.004	0.183	0.009	0.286	0.075	0.248	0.063
2800.000	10.000	1999.800	0.137	0.004	0.177	0.009	0.298	0.076	0.239	0.061
2850.000	10.000	1999.800	0.135	0.004	0.180	0.010	0.301	0.073	0.236	0.060
2900.000	10.000	1999.700	0.129	0.005	0.186	0.010	0.298	0.078	0.238	0.055
2950.000	10.000	2000.000	0.127	0.006	0.189	0.011	0.291	0.075	0.247	0.055
3000.000	10.000	1999.900	0.121	0.006	0.186	0.010	0.304	0.072	0.244	0.058
3050.000	10.000	1999.900	0.122	0.005	0.180	0.008	0.312	0.076	0.240	0.057
3100.000	10.000	1999.900	0.120	0.005	0.176	0.008	0.316	0.075	0.244	0.057
3150.000	10.000	1999.900	0.118	0.004	0.180	0.009	0.306	0.080	0.247	0.056
3200.000	10.000	2000.000	0.119	0.005	0.179	0.009	0.307	0.083	0.246	0.051
3250.000	10.000	1999.700	0.119	0.005	0.186	0.009	0.305	0.081	0.247	0.047
3300.000	10.000	1999.500	0.112	0.004	0.194	0.009	0.309	0.078	0.250	0.044
3350.000	10.000	2000.000	0.111	0.003	0.193	0.010	0.311	0.075	0.251	0.044
3400.000	10.000	1999.900	0.116	0.004	0.197	0.010	0.313	0.069	0.248	0.044
3450.000	10.000	1999.700	0.117	0.004	0.202	0.009	0.304	0.068	0.255	0.042
3500.000	10.000	1999.900	0.114	0.004	0.194	0.009	0.309	0.067	0.262	0.042
3550.000	10.000	1999.900	0.105	0.004	0.195	0.007	0.320	0.067	0.260	0.042
3600.000	10.000	1999.800	0.110	0.004	0.195	0.008	0.320	0.063	0.261	0.039
3650.000	10.000	2000.000	0.110	0.005	0.186	0.009	0.324	0.064	0.263	0.040
3700.000	10.000	2000.000	0.109	0.004	0.181	0.009	0.333	0.063	0.261	0.039
3750.000	10.000	1999.900	0.109	0.004	0.183	0.008	0.335	0.061	0.261	0.039
3800.000	10.000	1999.800	0.115	0.004	0.186	0.008	0.332	0.056	0.258	0.041
3850.000	10.000	1999.900	0.115	0.003	0.190	0.008	0.331	0.058	0.256	0.040
3900.000	10.000	1999.700	0.112	0.004	0.190	0.007	0.331	0.057	0.257	0.041
3950.000	10.000	1999.900	0.105	0.005	0.185	0.007	0.344	0.060	0.252	0.042
4000.000	10.000	1999.700	0.106	0.004	0.184	0.009	0.344	0.057	0.254	0.043
4050.000	10.000	1999.800	0.106	0.004	0.186	0.007	0.334	0.051	0.269	0.044
4100.000	10.000	1999.700	0.110	0.004	0.182	0.007	0.325	0.049	0.280	0.044
4150.000	10.000	2000.000	0.108	0.004	0.175	0.009	0.328	0.050	0.284	0.043
4200.000	10.000	1999.900	0.108	0.004	0.169	0.009	0.329	0.056	0.283	0.040
4250.000	10.000	2000.000	0.106	0.005	0.170	0.011	0.335	0.055	0.282	0.037
4300.000	10.000	1999.800	0.099	0.004	0.173	0.010	0.349	0.055	0.272	0.037
4350.000	10.000	1999.700	0.098	0.004	0.173	0.010	0.346	0.058	0.272	0.039
4400.000	10.000	1999.800	0.098	0.003	0.177	0.011	0.343	0.060	0.267	0.041
4450.000	10.000	1999.900	0.101	0.004	0.173	0.010	0.342	0.062	0.265	0.043
4500.000	10.000	2000.000	0.100	0.004	0.166	0.009	0.351	0.066	0.262	0.043
4550.000	10.000	2000.000	0.100	0.003	0.163	0.007	0.355	0.068	0.262	0.042
4600.000	10.000	1999.900	0.097	0.003	0.166	0.008	0.357	0.068	0.257	0.044
4650.000	10.000	2000.000	0.098	0.003	0.164	0.007	0.367	0.069	0.248	0.044
4700.000	10.000	1999.700	0.094	0.004	0.166	0.008	0.373	0.067	0.244	0.044
4750.000	10.000	1999.500	0.091	0.004	0.169	0.009	0.371	0.070	0.244	0.043
4800.000	10.000	1999.900	0.089	0.003	0.170	0.009	0.376	0.067	0.243	0.044
4850.000	10.000	1999.800	0.091	0.003	0.171	0.008	0.374	0.067	0.243	0.042
4900.000	10.000	1999.700	0.089	0.004	0.175	0.010	0.370	0.068	0.240	0.044
4950.000	10.000	1999.700	0.084	0.004	0.173	0.009	0.371	0.072	0.244	0.044
5000.000	10.000	1999.800	0.081	0.004	0.163	0.007	0.369	0.076	0.253	0.046

Step	Reps	N	Coop	Def	WCoop	WDef	TFTM	TFTS	PAVLOVM	PAVLOVS
0.000	10.000	4.705	0.001	0.001	0.001	0.001	0.001	0.001	0.001	0.002
1.000	10.000	6.068	0.001	0.001	0.001	0.001	0.001	0.001	0.002	0.001
50.000	10.000	0.269	0.003	0.002	0.004	0.004	0.003	0.004	0.003	0.004
100.000	10.000	0.306	0.007	0.002	0.004	0.004	0.004	0.005	0.004	0.008
150.000	10.000	0.133	0.009	0.001	0.007	0.004	0.007	0.007	0.006	0.010
200.000	10.000	0.000	0.010	0.001	0.008	0.002	0.007	0.005	0.007	0.010
250.000	10.000	0.000	0.011	0.001	0.008	0.002	0.010	0.007	0.007	0.013
300.000	10.000	0.133	0.010	0.001	0.009	0.002	0.010	0.008	0.008	0.012
350.000	10.000	0.100	0.010	0.001	0.010	0.001	0.012	0.009	0.010	0.013
400.000	10.000	0.100	0.011	0.001	0.011	0.001	0.012	0.011	0.010	0.011
450.000	10.000	0.100	0.011	0.001	0.010	0.001	0.013	0.011	0.011	0.012
500.000	10.000	0.100	0.010	0.001	0.011	0.001	0.015	0.011	0.010	0.011
550.000	10.000	0.224	0.010	0.001	0.012	0.001	0.014	0.010	0.011	0.011
600.000	10.000	0.100	0.010	0.001	0.012	0.002	0.015	0.010	0.013	0.012
650.000	10.000	0.100	0.010	0.001	0.011	0.002	0.014	0.010	0.013	0.011
700.000	10.000	0.153	0.010	0.000	0.013	0.002	0.015	0.009	0.016	0.011
750.000	10.000	0.000	0.009	0.001	0.013	0.001	0.015	0.008	0.019	0.011
800.000	10.000	0.213	0.012	0.001	0.012	0.001	0.014	0.008	0.022	0.010
850.000	10.000	0.000	0.012	0.001	0.012	0.002	0.015	0.009	0.023	0.010
900.000	10.000	0.133	0.012	0.001	0.011	0.001	0.017	0.010	0.023	0.010
950.000	10.000	0.100	0.014	0.001	0.012	0.001	0.018	0.010	0.027	0.012
1000.000	10.000	0.000	0.013	0.001	0.011	0.001	0.017	0.011	0.031	0.013
1050.000	10.000	0.400	0.014	0.001	0.013	0.001	0.015	0.012	0.029	0.012
1100.000	10.000	0.100	0.014	0.001	0.016	0.002	0.018	0.014	0.031	0.012
1150.000	10.000	0.000	0.016	0.001	0.018	0.001	0.019	0.014	0.029	0.012
1200.000	10.000	0.200	0.018	0.001	0.017	0.001	0.019	0.011	0.028	0.011
1250.000	10.000	0.100	0.021	0.001	0.016	0.001	0.017	0.011	0.027	0.012
1300.000	10.000	0.100	0.020	0.001	0.016	0.001	0.017	0.012	0.028	0.013
1350.000	10.000	0.133	0.020	0.001	0.017	0.001	0.017	0.010	0.026	0.015
1400.000	10.000	0.213	0.023	0.001	0.016	0.001	0.019	0.010	0.025	0.016
1450.000	10.000	0.221	0.022	0.000	0.016	0.002	0.020	0.010	0.025	0.017
1500.000	10.000	0.200	0.022	0.001	0.016	0.001	0.022	0.011	0.025	0.017
1550.000	10.000	0.221	0.020	0.001	0.019	0.001	0.023	0.011	0.026	0.017
1600.000	10.000	0.133	0.020	0.001	0.021	0.002	0.025	0.009	0.030	0.016
1650.000	10.000	0.100	0.019	0.001	0.022	0.002	0.024	0.011	0.032	0.017
1700.000	10.000	0.000	0.022	0.001	0.025	0.002	0.026	0.009	0.030	0.016
1750.000	10.000	0.000	0.023	0.001	0.026	0.001	0.028	0.009	0.030	0.017
1800.000	10.000	0.000	0.023	0.001	0.025	0.002	0.030	0.009	0.032	0.016
1850.000	10.000	0.100	0.022	0.001	0.026	0.002	0.032	0.009	0.030	0.017
1900.000	10.000	0.000	0.022	0.001	0.026	0.001	0.035	0.011	0.031	0.016
1950.000	10.000	0.100	0.021	0.001	0.025	0.002	0.036	0.012	0.032	0.017
2000.000	10.000	0.153	0.023	0.001	0.026	0.002	0.037	0.009	0.034	0.018
2050.000	10.000	0.000	0.023	0.001	0.027	0.002	0.040	0.007	0.036	0.018
2100.000	10.000	0.100	0.023	0.001	0.028	0.002	0.042	0.006	0.037	0.016
2150.000	10.000	0.000	0.022	0.001	0.029	0.002	0.039	0.007	0.036	0.015
2200.000	10.000	0.133	0.022	0.001	0.027	0.002	0.040	0.006	0.035	0.015
2250.000	10.000	0.100	0.024	0.001	0.028	0.002	0.038	0.006	0.036	0.014
2300.000	10.000	0.200	0.026	0.001	0.027	0.001	0.040	0.005	0.036	0.013
2350.000	10.000	0.269	0.027	0.001	0.028	0.001	0.037	0.007	0.036	0.011
2400.000	10.000	0.100	0.027	0.001	0.028	0.001	0.037	0.009	0.036	0.010
2450.000	10.000	0.133	0.028	0.001	0.027	0.001	0.034	0.009	0.037	0.012
2500.000	10.000	0.100	0.027	0.001	0.025	0.001	0.034	0.010	0.036	0.011
2550.000	10.000	0.100	0.029	0.001	0.025	0.001	0.037	0.011	0.037	0.012
2600.000	10.000	0.221	0.027	0.001	0.025	0.001	0.034	0.011	0.039	0.012
2650.000	10.000	0.100	0.025	0.001	0.026	0.001	0.034	0.010	0.039	0.011
2700.000	10.000	0.221	0.023	0.001	0.025	0.001	0.032	0.009	0.035	0.011
2750.000	10.000	0.100	0.023	0.001	0.026	0.001	0.030	0.011	0.035	0.011
2800.000	10.000	0.133	0.024	0.001	0.025	0.002	0.028	0.012	0.031	0.012
2850.000	10.000	0.133	0.024	0.000	0.027	0.002	0.026	0.012	0.030	0.010
2900.000	10.000	0.153	0.022	0.000	0.025	0.002	0.026	0.012	0.031	0.009
2950.000	10.000	0.000	0.021	0.001	0.025	0.002	0.027	0.012	0.033	0.009
3000.000	10.000	0.100	0.022	0.001	0.024	0.002	0.029	0.013	0.035	0.009
3050.000	10.000	0.100	0.022	0.001	0.022	0.001	0.031	0.013	0.035	0.007
3100.000	10.000	0.100	0.022	0.001	0.022	0.001	0.032	0.014	0.036	0.006
3150.000	10.000	0.100	0.021	0.001	0.021	0.001	0.032	0.014	0.036	0.005
3200.000	10.000	0.000	0.021	0.001	0.022	0.001	0.032	0.013	0.034	0.005
3250.000	10.000	0.153	0.021	0.001	0.022	0.001	0.032	0.013	0.034	0.005
3300.000	10.000	0.224	0.021	0.001	0.023	0.001	0.032	0.012	0.035	0.005
3350.000	10.000	0.000	0.022	0.000	0.022	0.001	0.032	0.011	0.035	0.005
3400.000	10.000	0.100	0.023	0.001	0.023	0.001	0.030	0.008	0.032	0.004
3450.000	10.000	0.153	0.024	0.001	0.024	0.001	0.028	0.008	0.030	0.005
3500.000	10.000	0.100	0.023	0.001	0.023	0.002	0.026	0.010	0.032	0.005
3550.000	10.000	0.100	0.022	0.001	0.024	0.001	0.028	0.011	0.033	0.005
3600.000	10.000	0.133	0.021	0.001	0.024	0.001	0.026	0.011	0.033	0.005
3650.000	10.000	0.000	0.022	0.000	0.021	0.001	0.026	0.011	0.032	0.006
3700.000	10.000	0.000	0.021	0.000	0.023	0.002	0.026	0.011	0.034	0.005
3750.000	10.000	0.100	0.021	0.001	0.024	0.001	0.026	0.010	0.035	0.006
3800.000	10.000	0.133	0.022	0.000	0.023	0.001	0.023	0.009	0.033	0.006
3850.000	10.000	0.100	0.023	0.000	0.023	0.001	0.025	0.009	0.032	0.007
3900.000	10.000	0.213	0.022	0.001	0.023	0.001	0.024	0.009	0.031	0.007
3950.000	10.000	0.100	0.020	0.001	0.022	0.001	0.025	0.009	0.029	0.008
4000.000	10.000	0.213	0.018	0.001	0.023	0.001	0.023	0.009	0.030	0.008
4050.000	10.000	0.133	0.019	0.001	0.023	0.001	0.024	0.008	0.032	0.008
4100.000	10.000	0.213	0.020	0.001	0.024	0.001	0.026	0.007	0.032	0.009
4150.000	10.000	0.000	0.020	0.000	0.022	0.001	0.025	0.007	0.031	0.007
4200.000	10.000	0.100	0.020	0.000	0.023	0.001	0.027	0.008	0.031	0.007
4250.000	10.000	0.000	0.020	0.001	0.022	0.001	0.026	0.009	0.030	0.006
4300.000	10.000	0.200	0.020	0.001	0.023	0.001	0.027	0.009	0.031	0.005
4350.000	10.000	0.153	0.020	0.000	0.020	0.002	0.027	0.010	0.030	0.004
4400.000	10.000	0.200	0.020	0.000	0.022	0.002	0.029	0.010	0.031	0.006
4450.000	10.000	0.100	0.021	0.001	0.022	0.002	0.029	0.010	0.030	0.007
4500.000	10.000	0.000	0.022	0.001	0.021	0.002	0.028	0.011	0.030	0.006
4550.000	10.000	0.000	0.019	0.001	0.021	0.001	0.026	0.011	0.029	0.006
4600.000	10.000	0.100	0.018	0.001	0.021	0.001	0.024	0.010	0.029	0.006
4650.000	10.000	0.000	0.018	0.001	0.020	0.001	0.023	0.011	0.026	0.006
4700.000	10.000	0.213	0.016	0.000	0.019	0.001	0.023	0.011	0.026	0.006
4750.000	10.000	0.224	0.014	0.001	0.019	0.001	0.024	0.013	0.027	0.005
4800.000	10.000	0.100	0.014	0.001	0.019	0.001	0.023	0.013	0.030	0.005
4850.000	10.000	0.133	0.016	0.000	0.021	0.001	0.023	0.013	0.032	0.005
4900.000	10.000	0.153	0.015	0.000	0.023	0.001	0.024	0.013	0.033	0.005
4950.000	10.000	0.213	0.014	0.001	0.024	0.001	0.026	0.012	0.033	0.005
5000.000	10.000	0.133	0.013	0.001	0.023	0.001	0.022	0.013	0.032	0.006
	
Sweep Number:	6
groups	false
memorySize	3
Step	Reps	N	Coop	Def	WCoop	WDef	TFTM	TFTS	PAVLOVM	PAVLOVS
0.000	10.000	1467.000	0.122	0.127	0.123	0.129	0.123	0.126	0.127	0.122
1.000	10.000	1422.300	0.121	0.131	0.123	0.132	0.122	0.125	0.126	0.121
50.000	10.000	1999.600	0.126	0.049	0.140	0.079	0.154	0.150	0.154	0.148
100.000	10.000	1999.900	0.128	0.012	0.151	0.039	0.177	0.155	0.175	0.162
150.000	10.000	2000.000	0.130	0.006	0.153	0.019	0.194	0.158	0.186	0.154
200.000	10.000	1999.600	0.129	0.006	0.154	0.012	0.203	0.157	0.193	0.148
250.000	10.000	2000.000	0.132	0.004	0.155	0.008	0.206	0.155	0.195	0.145
300.000	10.000	1999.600	0.136	0.003	0.153	0.007	0.214	0.153	0.193	0.140
350.000	10.000	1999.900	0.143	0.003	0.148	0.006	0.218	0.157	0.189	0.137
400.000	10.000	1999.800	0.150	0.004	0.147	0.007	0.210	0.152	0.193	0.138
450.000	10.000	2000.000	0.153	0.003	0.144	0.006	0.212	0.147	0.198	0.136
500.000	10.000	1999.900	0.155	0.003	0.145	0.006	0.211	0.146	0.197	0.137
550.000	10.000	1999.900	0.161	0.004	0.149	0.007	0.215	0.140	0.189	0.136
600.000	10.000	1999.900	0.165	0.005	0.158	0.008	0.219	0.131	0.189	0.125
650.000	10.000	2000.000	0.160	0.005	0.162	0.008	0.219	0.129	0.193	0.125
700.000	10.000	1999.800	0.158	0.004	0.156	0.008	0.223	0.129	0.198	0.125
750.000	10.000	1999.900	0.159	0.003	0.157	0.007	0.226	0.130	0.199	0.119
800.000	10.000	1999.800	0.160	0.003	0.158	0.006	0.234	0.124	0.198	0.117
850.000	10.000	2000.000	0.163	0.003	0.156	0.007	0.234	0.122	0.199	0.116
900.000	10.000	1999.900	0.162	0.003	0.158	0.008	0.229	0.122	0.205	0.113
950.000	10.000	1999.700	0.165	0.003	0.154	0.007	0.228	0.124	0.208	0.111
1000.000	10.000	1999.900	0.167	0.003	0.155	0.006	0.234	0.116	0.210	0.110
1050.000	10.000	1999.800	0.165	0.003	0.152	0.005	0.237	0.114	0.214	0.110
1100.000	10.000	1999.800	0.172	0.003	0.149	0.005	0.243	0.108	0.210	0.111
1150.000	10.000	1999.900	0.173	0.003	0.146	0.006	0.248	0.106	0.206	0.113
1200.000	10.000	1999.900	0.171	0.004	0.148	0.007	0.248	0.104	0.203	0.116
1250.000	10.000	1999.800	0.166	0.004	0.148	0.008	0.251	0.106	0.203	0.114
1300.000	10.000	1999.800	0.171	0.003	0.151	0.007	0.241	0.105	0.204	0.118
1350.000	10.000	1999.700	0.171	0.003	0.153	0.006	0.246	0.103	0.205	0.113
1400.000	10.000	1999.800	0.170	0.002	0.152	0.008	0.250	0.101	0.207	0.111
1450.000	10.000	1999.900	0.175	0.003	0.144	0.006	0.251	0.100	0.208	0.111
1500.000	10.000	2000.000	0.173	0.004	0.143	0.006	0.249	0.102	0.212	0.112
1550.000	10.000	1999.800	0.165	0.003	0.135	0.006	0.254	0.110	0.215	0.112
1600.000	10.000	1999.700	0.164	0.004	0.133	0.007	0.254	0.111	0.218	0.109
1650.000	10.000	1999.700	0.168	0.003	0.129	0.007	0.256	0.114	0.215	0.108
1700.000	10.000	1999.900	0.160	0.004	0.132	0.006	0.256	0.116	0.215	0.111
1750.000	10.000	1999.800	0.155	0.004	0.134	0.006	0.260	0.121	0.213	0.107
1800.000	10.000	1999.800	0.157	0.004	0.135	0.007	0.263	0.119	0.211	0.104
1850.000	10.000	1999.900	0.153	0.003	0.134	0.008	0.264	0.118	0.220	0.101
1900.000	10.000	1999.900	0.148	0.004	0.134	0.008	0.260	0.119	0.229	0.097
1950.000	10.000	1999.900	0.144	0.004	0.135	0.008	0.262	0.120	0.231	0.095
2000.000	10.000	1999.800	0.140	0.003	0.134	0.007	0.259	0.123	0.237	0.097
2050.000	10.000	1999.900	0.140	0.003	0.130	0.005	0.260	0.119	0.247	0.096
2100.000	10.000	1999.800	0.135	0.004	0.135	0.005	0.264	0.119	0.250	0.089
2150.000	10.000	2000.000	0.130	0.004	0.131	0.004	0.270	0.118	0.253	0.089
2200.000	10.000	2000.000	0.133	0.004	0.132	0.005	0.279	0.111	0.251	0.084
2250.000	10.000	1999.900	0.132	0.004	0.129	0.006	0.286	0.106	0.252	0.085
2300.000	10.000	1999.600	0.135	0.003	0.127	0.006	0.288	0.105	0.251	0.085
2350.000	10.000	1999.700	0.133	0.003	0.127	0.007	0.300	0.097	0.247	0.086
2400.000	10.000	2000.000	0.133	0.003	0.125	0.006	0.296	0.097	0.254	0.086
2450.000	10.000	2000.000	0.129	0.004	0.130	0.006	0.299	0.097	0.248	0.087
2500.000	10.000	1999.900	0.122	0.004	0.125	0.007	0.310	0.096	0.250	0.086
2550.000	10.000	1999.700	0.116	0.004	0.121	0.008	0.317	0.097	0.252	0.087
2600.000	10.000	1999.800	0.118	0.003	0.122	0.006	0.321	0.093	0.255	0.082
2650.000	10.000	1999.800	0.110	0.003	0.123	0.005	0.323	0.096	0.259	0.079
2700.000	10.000	1999.900	0.110	0.004	0.123	0.005	0.324	0.095	0.262	0.077
2750.000	10.000	2000.000	0.108	0.003	0.126	0.005	0.318	0.089	0.273	0.078
2800.000	10.000	1999.900	0.105	0.003	0.122	0.005	0.326	0.086	0.274	0.078
2850.000	10.000	1999.600	0.106	0.004	0.127	0.004	0.322	0.083	0.280	0.073
2900.000	10.000	1999.800	0.104	0.004	0.131	0.004	0.322	0.078	0.287	0.069
2950.000	10.000	2000.000	0.108	0.003	0.126	0.005	0.326	0.082	0.285	0.066
3000.000	10.000	1999.800	0.108	0.002	0.126	0.005	0.325	0.085	0.283	0.066
3050.000	10.000	1999.600	0.110	0.003	0.129	0.006	0.319	0.087	0.282	0.064
3100.000	10.000	1999.900	0.112	0.004	0.126	0.007	0.326	0.089	0.279	0.057
3150.000	10.000	1999.900	0.104	0.004	0.131	0.007	0.332	0.087	0.275	0.061
3200.000	10.000	1999.800	0.101	0.003	0.137	0.007	0.332	0.086	0.273	0.061
3250.000	10.000	1999.900	0.099	0.004	0.135	0.005	0.341	0.083	0.271	0.062
3300.000	10.000	1999.800	0.106	0.005	0.134	0.005	0.339	0.086	0.267	0.059
3350.000	10.000	1999.800	0.106	0.003	0.139	0.005	0.341	0.083	0.263	0.058
3400.000	10.000	1999.800	0.107	0.003	0.143	0.005	0.334	0.081	0.267	0.060
3450.000	10.000	1999.900	0.105	0.003	0.142	0.005	0.336	0.083	0.266	0.060
3500.000	10.000	1999.900	0.106	0.003	0.138	0.006	0.339	0.080	0.272	0.056
3550.000	10.000	1999.800	0.110	0.003	0.136	0.007	0.335	0.080	0.268	0.061
3600.000	10.000	2000.000	0.111	0.004	0.134	0.007	0.337	0.079	0.271	0.059
3650.000	10.000	2000.000	0.115	0.003	0.127	0.007	0.341	0.081	0.267	0.060
3700.000	10.000	1999.700	0.114	0.003	0.134	0.006	0.331	0.080	0.273	0.059
3750.000	10.000	1999.800	0.111	0.004	0.138	0.006	0.330	0.079	0.271	0.061
3800.000	10.000	2000.000	0.117	0.003	0.143	0.006	0.336	0.075	0.258	0.060
3850.000	10.000	1999.700	0.119	0.005	0.144	0.007	0.337	0.074	0.257	0.058
3900.000	10.000	1999.700	0.122	0.004	0.144	0.006	0.335	0.069	0.259	0.061
3950.000	10.000	2000.000	0.120	0.004	0.150	0.006	0.339	0.067	0.251	0.062
4000.000	10.000	1999.900	0.122	0.004	0.154	0.007	0.341	0.064	0.250	0.058
4050.000	10.000	1999.600	0.116	0.004	0.153	0.005	0.344	0.063	0.254	0.061
4100.000	10.000	1999.800	0.114	0.004	0.148	0.006	0.354	0.063	0.247	0.065
4150.000	10.000	1999.900	0.110	0.004	0.142	0.008	0.353	0.059	0.261	0.064
4200.000	10.000	1999.900	0.113	0.005	0.141	0.006	0.354	0.061	0.255	0.064
4250.000	10.000	1999.800	0.113	0.004	0.137	0.006	0.354	0.063	0.262	0.061
4300.000	10.000	1999.800	0.118	0.003	0.139	0.007	0.347	0.064	0.263	0.060
4350.000	10.000	1999.800	0.116	0.003	0.134	0.009	0.347	0.066	0.266	0.059
4400.000	10.000	2000.000	0.116	0.003	0.132	0.007	0.343	0.068	0.273	0.059
4450.000	10.000	2000.000	0.117	0.003	0.131	0.006	0.343	0.064	0.279	0.057
4500.000	10.000	1999.900	0.117	0.004	0.131	0.007	0.339	0.065	0.280	0.058
4550.000	10.000	1999.900	0.120	0.004	0.130	0.005	0.339	0.065	0.282	0.054
4600.000	10.000	1999.700	0.118	0.004	0.125	0.005	0.336	0.068	0.292	0.052
4650.000	10.000	1999.800	0.118	0.004	0.132	0.006	0.333	0.068	0.284	0.055
4700.000	10.000	1999.900	0.119	0.004	0.132	0.006	0.335	0.066	0.283	0.055
4750.000	10.000	1999.900	0.113	0.004	0.133	0.007	0.338	0.070	0.281	0.054
4800.000	10.000	1999.700	0.110	0.003	0.141	0.006	0.339	0.072	0.278	0.051
4850.000	10.000	2000.000	0.108	0.003	0.142	0.005	0.342	0.072	0.276	0.051
4900.000	10.000	1999.900	0.105	0.003	0.145	0.008	0.343	0.073	0.267	0.055
4950.000	10.000	1999.900	0.105	0.004	0.145	0.007	0.347	0.072	0.265	0.056
5000.000	10.000	1999.600	0.105	0.003	0.149	0.005	0.348	0.068	0.266	0.056

Step	Reps	N	Coop	Def	WCoop	WDef	TFTM	TFTS	PAVLOVM	PAVLOVS
0.000	10.000	6.031	0.001	0.001	0.002	0.001	0.001	0.001	0.001	0.001
1.000	10.000	5.816	0.001	0.001	0.002	0.001	0.001	0.001	0.001	0.002
50.000	10.000	0.163	0.003	0.002	0.006	0.002	0.003	0.004	0.003	0.005
100.000	10.000	0.100	0.006	0.001	0.011	0.002	0.008	0.005	0.006	0.008
150.000	10.000	0.000	0.008	0.001	0.013	0.001	0.010	0.006	0.009	0.009
200.000	10.000	0.221	0.009	0.001	0.013	0.002	0.009	0.007	0.009	0.011
250.000	10.000	0.000	0.012	0.001	0.016	0.001	0.010	0.006	0.011	0.012
300.000	10.000	0.306	0.013	0.000	0.019	0.002	0.012	0.008	0.011	0.011
350.000	10.000	0.100	0.015	0.001	0.020	0.001	0.014	0.008	0.010	0.012
400.000	10.000	0.133	0.018	0.001	0.020	0.001	0.013	0.008	0.012	0.014
450.000	10.000	0.000	0.021	0.001	0.018	0.001	0.012	0.008	0.016	0.016
500.000	10.000	0.100	0.020	0.001	0.018	0.001	0.013	0.007	0.017	0.017
550.000	10.000	0.100	0.024	0.000	0.018	0.002	0.012	0.009	0.016	0.017
600.000	10.000	0.100	0.022	0.001	0.018	0.001	0.013	0.010	0.015	0.016
650.000	10.000	0.000	0.019	0.001	0.015	0.001	0.013	0.011	0.013	0.015
700.000	10.000	0.133	0.018	0.001	0.011	0.001	0.014	0.014	0.012	0.015
750.000	10.000	0.100	0.020	0.001	0.010	0.001	0.014	0.013	0.012	0.015
800.000	10.000	0.133	0.023	0.000	0.009	0.001	0.012	0.014	0.013	0.016
850.000	10.000	0.000	0.024	0.000	0.008	0.001	0.011	0.015	0.012	0.015
900.000	10.000	0.100	0.023	0.000	0.010	0.001	0.012	0.015	0.012	0.015
950.000	10.000	0.213	0.022	0.001	0.008	0.001	0.013	0.014	0.012	0.015
1000.000	10.000	0.100	0.020	0.000	0.011	0.001	0.014	0.012	0.011	0.016
1050.000	10.000	0.133	0.019	0.000	0.012	0.001	0.015	0.011	0.013	0.017
1100.000	10.000	0.133	0.021	0.001	0.011	0.001	0.018	0.011	0.012	0.018
1150.000	10.000	0.100	0.018	0.000	0.013	0.001	0.017	0.010	0.011	0.017
1200.000	10.000	0.100	0.018	0.001	0.012	0.001	0.017	0.010	0.013	0.018
1250.000	10.000	0.200	0.022	0.001	0.011	0.001	0.017	0.010	0.012	0.018
1300.000	10.000	0.133	0.023	0.001	0.012	0.001	0.017	0.009	0.014	0.018
1350.000	10.000	0.153	0.025	0.001	0.014	0.001	0.020	0.009	0.017	0.018
1400.000	10.000	0.200	0.023	0.000	0.013	0.001	0.021	0.008	0.018	0.017
1450.000	10.000	0.100	0.022	0.000	0.016	0.001	0.021	0.008	0.017	0.018
1500.000	10.000	0.000	0.022	0.001	0.014	0.001	0.021	0.008	0.021	0.018
1550.000	10.000	0.133	0.020	0.001	0.013	0.001	0.024	0.009	0.022	0.017
1600.000	10.000	0.213	0.021	0.001	0.012	0.001	0.025	0.011	0.023	0.017
1650.000	10.000	0.153	0.023	0.001	0.014	0.001	0.023	0.013	0.022	0.017
1700.000	10.000	0.100	0.020	0.001	0.015	0.001	0.021	0.015	0.020	0.019
1750.000	10.000	0.133	0.020	0.001	0.016	0.001	0.022	0.015	0.022	0.019
1800.000	10.000	0.200	0.023	0.000	0.017	0.001	0.025	0.015	0.022	0.019
1850.000	10.000	0.100	0.024	0.000	0.016	0.001	0.025	0.015	0.025	0.017
1900.000	10.000	0.100	0.026	0.001	0.015	0.001	0.025	0.014	0.025	0.018
1950.000	10.000	0.100	0.026	0.001	0.017	0.001	0.025	0.012	0.025	0.018
2000.000	10.000	0.200	0.024	0.000	0.016	0.001	0.024	0.012	0.024	0.018
2050.000	10.000	0.100	0.023	0.001	0.015	0.001	0.025	0.012	0.024	0.020
2100.000	10.000	0.133	0.021	0.001	0.015	0.001	0.026	0.012	0.023	0.020
2150.000	10.000	0.000	0.020	0.001	0.014	0.001	0.025	0.011	0.022	0.020
2200.000	10.000	0.000	0.020	0.001	0.014	0.001	0.023	0.013	0.019	0.019
2250.000	10.000	0.100	0.020	0.000	0.013	0.001	0.024	0.012	0.018	0.018
2300.000	10.000	0.221	0.019	0.001	0.013	0.001	0.022	0.012	0.018	0.017
2350.000	10.000	0.213	0.017	0.000	0.012	0.002	0.022	0.011	0.016	0.017
2400.000	10.000	0.000	0.016	0.001	0.010	0.002	0.023	0.010	0.016	0.016
2450.000	10.000	0.000	0.016	0.000	0.012	0.001	0.024	0.009	0.017	0.017
2500.000	10.000	0.100	0.015	0.001	0.011	0.002	0.026	0.010	0.018	0.017
2550.000	10.000	0.153	0.015	0.001	0.011	0.002	0.026	0.010	0.018	0.017
2600.000	10.000	0.133	0.016	0.001	0.012	0.001	0.025	0.011	0.018	0.016
2650.000	10.000	0.133	0.018	0.001	0.012	0.001	0.024	0.012	0.017	0.015
2700.000	10.000	0.100	0.018	0.001	0.012	0.001	0.022	0.012	0.020	0.016
2750.000	10.000	0.000	0.018	0.000	0.012	0.001	0.020	0.010	0.016	0.017
2800.000	10.000	0.100	0.019	0.001	0.012	0.001	0.022	0.010	0.017	0.017
2850.000	10.000	0.163	0.020	0.000	0.014	0.001	0.020	0.011	0.016	0.017
2900.000	10.000	0.133	0.018	0.001	0.014	0.001	0.020	0.012	0.018	0.015
2950.000	10.000	0.000	0.020	0.001	0.013	0.001	0.019	0.012	0.018	0.013
3000.000	10.000	0.133	0.021	0.001	0.013	0.000	0.022	0.014	0.019	0.012
3050.000	10.000	0.163	0.022	0.001	0.014	0.001	0.020	0.015	0.018	0.011
3100.000	10.000	0.100	0.021	0.001	0.013	0.001	0.022	0.017	0.018	0.010
3150.000	10.000	0.100	0.020	0.001	0.015	0.002	0.025	0.017	0.017	0.011
3200.000	10.000	0.200	0.020	0.001	0.015	0.001	0.027	0.017	0.017	0.011
3250.000	10.000	0.100	0.019	0.000	0.016	0.001	0.027	0.015	0.018	0.009
3300.000	10.000	0.133	0.018	0.001	0.018	0.001	0.027	0.016	0.017	0.009
3350.000	10.000	0.133	0.020	0.000	0.019	0.001	0.025	0.015	0.014	0.009
3400.000	10.000	0.133	0.019	0.001	0.019	0.001	0.023	0.012	0.014	0.009
3450.000	10.000	0.100	0.020	0.000	0.017	0.001	0.025	0.013	0.014	0.010
3500.000	10.000	0.100	0.019	0.001	0.016	0.001	0.024	0.011	0.014	0.010
3550.000	10.000	0.133	0.019	0.000	0.014	0.001	0.022	0.010	0.014	0.012
3600.000	10.000	0.000	0.019	0.001	0.014	0.001	0.019	0.010	0.015	0.011
3650.000	10.000	0.000	0.019	0.001	0.014	0.001	0.020	0.012	0.017	0.011
3700.000	10.000	0.213	0.018	0.000	0.014	0.001	0.018	0.011	0.018	0.010
3750.000	10.000	0.133	0.017	0.001	0.014	0.001	0.018	0.011	0.019	0.009
3800.000	10.000	0.000	0.016	0.001	0.016	0.001	0.023	0.010	0.018	0.009
3850.000	10.000	0.213	0.015	0.001	0.017	0.001	0.024	0.011	0.019	0.008
3900.000	10.000	0.213	0.017	0.001	0.020	0.001	0.027	0.010	0.020	0.008
3950.000	10.000	0.000	0.018	0.001	0.021	0.001	0.027	0.010	0.017	0.009
4000.000	10.000	0.100	0.021	0.001	0.022	0.001	0.027	0.010	0.015	0.008
4050.000	10.000	0.163	0.021	0.001	0.022	0.001	0.028	0.011	0.013	0.008
4100.000	10.000	0.200	0.020	0.001	0.021	0.001	0.029	0.010	0.013	0.010
4150.000	10.000	0.100	0.019	0.001	0.017	0.001	0.027	0.009	0.014	0.010
4200.000	10.000	0.100	0.021	0.001	0.016	0.002	0.027	0.009	0.015	0.011
4250.000	10.000	0.133	0.021	0.001	0.015	0.002	0.026	0.009	0.016	0.010
4300.000	10.000	0.133	0.019	0.000	0.016	0.002	0.026	0.010	0.018	0.012
4350.000	10.000	0.133	0.019	0.001	0.016	0.002	0.029	0.010	0.017	0.012
4400.000	10.000	0.000	0.018	0.001	0.015	0.001	0.030	0.011	0.017	0.010
4450.000	10.000	0.000	0.019	0.000	0.014	0.001	0.030	0.010	0.018	0.009
4500.000	10.000	0.100	0.019	0.001	0.014	0.001	0.030	0.010	0.018	0.010
4550.000	10.000	0.100	0.019	0.001	0.015	0.001	0.030	0.010	0.020	0.010
4600.000	10.000	0.213	0.020	0.001	0.013	0.001	0.027	0.010	0.022	0.010
4650.000	10.000	0.133	0.019	0.001	0.014	0.001	0.025	0.010	0.023	0.010
4700.000	10.000	0.100	0.017	0.000	0.013	0.001	0.022	0.010	0.022	0.010
4750.000	10.000	0.100	0.019	0.001	0.013	0.002	0.024	0.009	0.021	0.009
4800.000	10.000	0.153	0.019	0.000	0.014	0.001	0.025	0.010	0.018	0.009
4850.000	10.000	0.000	0.018	0.001	0.015	0.001	0.023	0.011	0.018	0.010
4900.000	10.000	0.100	0.017	0.000	0.015	0.001	0.022	0.010	0.019	0.010
4950.000	10.000	0.100	0.016	0.001	0.016	0.001	0.021	0.011	0.017	0.011
5000.000	10.000	0.163	0.015	0.000	0.016	0.001	0.020	0.010	0.017	0.012
	
Finished: Sun Jun 09 18:36:51 PDT 2024

